5,0,0,0,0,0,0,0,0,0,0,1,0,0,0,0,4,0,0,0,0,0,0,0,0,0,LabelBox
4,0,0,0,0,0,1,0,0,0,0,1,0,0,0,0,3,0,0,0,0,0,0,0,0,0,LabelBox
5,0,0,0,0,0,0,0,0,0,0,0,0,0,0,0,5,0,0,0,0,0,0,0,0,0,LabelBox
5,0,0,0,0,0,0,8,0,0,2,1,0,0,0,0,2,0,0,0,0,0,0,0,0,0,XOR
4,0,0,0,0,5,0,0,0,0,0,1,0,0,0,1,2,0,0,0,0,0,0,0,0,0,NOT
2,8,0,0,0,0,0,0,0,0,0,1,0,0,0,0,1,0,0,0,0,0,0,0,0,0,AND
3,0,0,0,8,0,0,0,0,0,0,1,0,0,0,0,2,0,0,0,0,0,0,0,0,0,NOR
2,0,8,0,0,0,0,0,0,0,0,1,0,0,0,0,1,0,0,0,0,0,0,0,0,0,OR
4,0,0,0,0,8,0,0,0,0,0,1,0,0,0,0,3,0,0,0,0,0,0,0,0,0,NOT
3,0,0,0,1,0,0,0,0,0,0,1,0,0,0,1,1,0,0,0,0,0,0,0,0,0,NAND
5,0,0,0,0,5,0,0,0,0,0,1,0,0,0,0,4,0,0,0,0,0,0,0,0,0,LabelBox
5,0,0,0,0,1,0,0,0,0,0,1,0,0,0,0,4,0,0,0,0,0,0,0,0,0,LabelBox
5,0,0,0,0,1,0,0,0,0,0,1,0,0,0,0,4,0,0,0,0,0,0,0,0,0,LabelBox
7,0,0,0,0,6,0,0,0,0,0,1,0,0,0,0,6,0,0,0,0,0,0,0,0,0,LabelBox
5,1,0,0,0,0,0,0,0,0,0,1,0,0,0,1,3,0,0,0,0,0,0,0,0,0,LabelBox
2,9,0,0,0,0,0,0,0,0,0,1,0,0,0,0,1,0,0,0,0,0,0,0,0,0,AND
4,0,0,0,0,10,0,0,0,0,0,1,0,0,0,1,2,0,0,0,0,0,0,0,0,0,NOT
2,6,0,0,0,0,0,0,0,0,0,1,0,0,0,0,1,0,0,0,0,0,0,0,0,0,AND
4,0,0,0,0,9,0,0,0,0,0,1,0,0,1,0,2,0,0,0,0,0,0,0,0,0,NOT
2,8,0,0,0,0,0,0,0,0,0,1,0,0,0,0,1,0,0,0,0,0,0,0,0,0,AND
4,0,0,0,0,8,0,0,0,0,0,1,0,0,0,1,2,0,0,0,0,0,0,0,0,0,NOT
2,0,3,0,2,0,0,0,0,0,0,1,0,0,0,0,1,0,0,0,0,0,0,0,0,0,OR
2,0,7,0,0,0,0,0,0,0,0,1,0,0,0,0,1,0,0,0,0,0,0,0,0,0,OR
3,0,1,0,0,0,0,9,0,0,0,2,0,0,0,0,1,0,0,0,0,0,0,0,0,0,XOR
5,0,0,0,0,3,0,0,0,0,0,1,0,0,0,0,4,0,0,0,0,0,0,0,0,0,LabelBox
2,5,0,0,0,0,0,0,0,0,0,1,0,0,0,0,1,0,0,0,0,0,0,0,0,0,AND
2,1,9,0,0,0,0,0,0,0,0,1,0,0,0,0,1,0,0,0,0,0,0,0,0,0,OR
3,0,0,6,0,0,0,0,0,0,0,1,0,0,0,1,1,0,0,0,0,0,0,0,0,0,NAND
2,8,0,0,0,0,0,0,0,0,0,1,0,0,0,0,1,0,0,0,0,0,0,0,0,0,AND
3,0,3,0,0,0,0,0,0,0,0,1,0,0,0,0,2,0,0,0,0,0,0,0,0,0,OR
2,0,0,0,1,0,0,0,0,0,0,1,0,0,0,0,1,0,0,0,0,0,0,0,0,0,AND
2,2,0,0,0,0,0,0,0,0,0,1,0,0,0,0,1,0,0,0,0,0,0,0,0,0,AND
2,7,0,0,0,0,0,0,0,0,0,1,0,0,0,0,1,0,0,0,0,0,0,0,0,0,AND
3,0,0,1,8,0,0,0,0,0,0,1,0,0,0,1,1,0,0,0,0,0,0,0,0,0,NOR
3,0,0,0,0,0,0,9,0,0,0,2,0,0,0,0,1,0,0,0,0,0,0,0,0,0,XOR
2,0,8,0,0,0,0,0,0,0,0,1,0,0,0,0,1,0,0,0,0,0,0,0,0,0,OR
3,0,2,0,0,0,0,8,0,0,1,2,0,0,0,0,0,0,0,0,0,0,0,0,0,0,XOR
4,0,0,0,1,9,0,0,0,1,0,0,2,0,1,0,0,0,0,0,0,0,0,0,0,0,NOT
2,5,0,0,0,0,0,0,0,0,1,1,0,0,0,0,0,0,0,0,0,0,0,0,0,0,AND
3,0,2,0,1,0,0,0,0,0,1,1,0,0,1,0,0,0,0,0,0,0,0,0,0,0,NOR
2,0,8,0,0,0,0,0,0,0,1,1,0,0,0,0,0,0,0,0,0,0,0,0,0,0,OR
4,0,0,0,0,9,0,0,0,1,0,0,2,0,1,0,0,0,0,0,0,0,0,0,0,0,NOT
3,1,0,4,3,0,0,0,0,0,1,1,0,0,1,0,0,0,0,0,0,0,0,0,0,0,NAND
4,0,0,0,0,9,0,0,0,1,0,0,2,0,1,0,0,0,0,0,0,0,0,0,0,0,NOT
3,9,1,0,0,0,0,0,0,0,1,1,0,0,1,0,0,0,0,0,0,0,0,0,0,0,AND
3,0,8,0,1,0,0,0,0,0,0,1,0,1,0,1,0,0,0,0,0,0,0,0,0,0,OR
2,8,2,0,0,0,0,0,0,0,1,1,0,0,0,0,0,0,0,0,0,0,0,0,0,0,AND
4,0,0,0,0,10,0,0,0,1,0,0,2,0,1,0,0,0,0,0,0,0,0,0,0,0,NOT
2,0,10,0,0,0,0,0,0,0,1,1,0,0,0,0,0,0,0,0,0,0,0,0,0,0,OR
4,0,0,3,1,6,0,0,0,1,0,0,2,0,1,0,0,0,0,0,0,0,0,0,0,0,NOT
2,6,1,0,0,0,0,0,0,1,1,0,0,0,0,0,0,0,0,0,0,0,0,0,0,0,AND
3,0,2,0,0,0,0,8,0,0,1,2,0,0,0,0,0,0,0,0,0,0,0,0,0,0,XOR
2,1,0,0,0,0,0,0,0,0,1,1,0,0,0,0,0,0,0,0,0,0,0,0,0,0,AND
3,0,0,0,9,0,0,0,0,0,1,1,0,0,1,0,0,0,0,0,0,0,0,0,0,0,NOR
3,2,0,6,2,0,0,0,0,1,0,0,0,0,2,0,0,0,0,0,0,0,0,0,0,0,NAND
3,0,1,0,0,0,0,9,0,0,1,2,0,0,0,0,0,0,0,0,0,0,0,0,0,0,XOR
3,0,8,0,0,0,0,0,0,0,0,1,0,2,0,0,0,0,0,0,0,0,0,0,0,0,OR
2,1,0,0,0,0,1,0,0,1,1,0,0,0,0,0,0,0,0,0,0,0,0,0,0,0,AND
3,0,8,0,0,0,0,0,0,0,0,1,1,1,0,0,0,0,0,0,0,0,0,0,0,0,OR
1,7,0,0,0,0,1,0,0,0,0,0,0,0,1,0,0,0,0,0,0,0,0,0,0,0,NOTBUBBLE
4,0,0,0,0,0,0,0,0,1,0,0,0,0,3,0,0,0,0,0,0,0,0,0,0,0,NAND
2,0,0,0,0,0,1,0,0,1,1,0,0,0,0,0,0,0,0,0,0,0,0,0,0,0,AND
2,0,2,0,0,0,0,0,0,0,1,1,0,0,0,0,0,0,0,0,0,0,0,0,0,0,OR
2,8,1,0,0,0,0,0,0,0,1,1,0,0,0,0,0,0,0,0,0,0,0,0,0,0,AND
4,0,2,0,0,0,0,0,0,0,0,4,0,0,0,0,0,0,0,0,0,0,0,0,0,0,XOR
3,0,0,1,0,1,0,0,0,1,0,1,0,0,0,0,0,0,0,1,0,0,0,0,0,0,NOT
2,6,0,0,0,0,0,0,0,0,0,2,0,0,0,0,0,0,0,0,0,0,0,0,0,0,AND
4,0,0,1,1,1,0,0,0,0,0,2,0,0,0,0,0,0,0,2,0,0,0,0,0,0,NOR
2,1,0,0,0,0,0,0,0,0,0,2,0,0,0,0,0,0,0,0,0,0,0,0,0,0,OR
3,0,0,0,0,5,0,0,0,1,0,1,0,0,1,0,0,0,0,0,0,0,0,0,0,0,NOT
3,0,0,1,0,0,0,0,0,0,0,3,0,0,0,0,0,0,0,0,0,0,0,0,0,0,NAND
2,2,0,0,0,0,0,0,0,0,0,2,0,0,0,0,0,0,0,0,0,0,0,0,0,0,AND
2,0,1,0,0,0,0,0,0,0,0,2,0,0,0,0,0,0,0,0,0,0,0,0,0,0,AND
2,3,0,0,0,0,0,0,0,0,0,2,0,0,0,0,0,0,0,0,0,0,0,0,0,0,AND
2,0,0,1,0,3,0,0,0,0,0,1,0,0,0,0,0,0,0,1,0,0,0,0,0,0,NOT
3,0,0,1,0,3,0,0,0,0,0,2,0,0,1,0,0,0,0,0,0,0,0,0,0,0,NOT
4,0,0,2,0,4,0,0,0,0,0,1,0,0,0,0,0,0,0,3,0,0,0,0,0,0,NOT
2,0,0,0,0,0,0,0,0,0,0,2,0,0,0,0,0,0,0,0,0,0,0,0,0,0,OR
3,0,3,0,0,0,0,1,0,1,0,2,0,0,0,0,0,0,0,0,0,0,0,0,0,0,OR
3,0,0,0,0,0,0,3,0,0,0,3,0,0,0,0,0,0,0,0,0,0,0,0,0,0,XOR
2,5,0,0,0,0,0,0,0,0,0,2,0,0,0,0,0,0,0,0,0,0,0,0,0,0,AND
3,0,0,2,1,3,0,0,0,1,0,1,0,0,0,0,0,0,0,1,0,0,0,0,0,0,NOT
2,5,0,0,0,0,0,0,0,0,0,2,0,0,0,0,0,0,0,0,0,0,0,0,0,0,AND
2,0,0,0,0,0,0,0,0,0,0,2,0,0,0,0,0,0,0,0,0,0,0,0,0,0,OR
3,0,0,2,0,0,0,0,0,0,0,2,0,0,0,0,0,0,0,1,0,0,0,0,0,0,NAND
2,7,0,0,0,0,0,0,0,0,0,2,0,0,0,0,0,0,0,0,0,0,0,0,0,0,AND
2,0,0,0,0,0,0,0,0,0,0,2,0,0,0,0,0,0,0,0,0,0,0,0,0,0,OR
2,8,0,0,0,0,0,0,0,1,0,1,0,0,0,0,0,0,0,0,0,0,0,0,0,0,AND
3,0,0,0,2,0,0,0,0,0,0,2,0,0,1,0,0,0,0,0,0,0,0,0,0,0,NOR
2,5,0,0,0,0,0,0,0,0,0,2,0,0,0,0,0,0,0,0,0,0,0,0,0,0,AND
3,0,0,0,0,0,0,3,0,0,0,3,0,0,0,0,0,0,0,0,0,0,0,0,0,0,XOR
2,0,0,0,0,0,0,0,0,0,0,2,0,0,0,0,0,0,0,0,0,0,0,0,0,0,OR
3,0,0,0,0,0,0,5,0,0,0,2,0,0,0,0,0,0,0,1,0,0,0,0,0,0,XOR
2,4,0,0,0,0,0,0,0,1,0,0,0,0,0,0,0,0,0,1,0,0,0,0,0,0,AND
3,0,0,3,3,0,0,0,0,0,0,0,0,0,0,0,0,0,0,3,0,0,0,0,0,0,NOR
2,0,3,0,0,0,0,0,0,0,0,1,0,0,0,0,0,0,0,1,0,0,0,0,0,0,OR
2,0,0,0,0,1,0,0,0,0,0,0,0,0,0,0,0,0,0,2,0,0,0,0,0,0,NOT
3,0,0,4,3,0,0,0,0,1,0,0,0,0,0,0,0,0,0,2,0,0,0,0,0,0,NAND
2,0,0,0,0,4,0,0,0,0,0,0,0,0,0,0,0,0,0,2,0,0,0,0,0,0,NOT
2,4,0,0,0,0,0,0,0,1,0,0,0,0,0,0,0,0,0,1,0,0,0,0,0,0,AND
2,1,0,0,0,0,0,0,0,1,0,0,0,0,0,0,0,0,0,1,0,0,0,0,0,0,AND
2,3,0,0,0,0,0,0,0,1,0,0,0,0,0,0,0,0,0,1,0,0,0,0,0,0,AND
2,0,2,0,0,0,0,0,0,0,0,0,0,0,0,0,0,0,0,2,0,0,0,0,0,0,OR
2,0,3,0,0,0,0,0,0,0,0,1,0,0,0,0,0,0,0,1,0,0,0,0,0,0,OR
4,0,0,0,0,0,1,5,0,0,0,3,0,0,0,0,0,0,0,1,0,0,0,0,0,0,XOR
3,0,0,0,0,0,0,0,0,0,0,0,0,0,0,0,0,0,0,2,1,0,0,0,0,0,NOT
2,0,0,0,0,0,0,0,0,0,0,0,0,0,0,0,0,0,0,2,0,0,0,0,0,0,NOT
2,0,0,0,0,0,0,0,0,0,0,1,0,0,0,0,0,0,0,1,0,0,0,0,0,0,NOT
2,2,0,0,0,0,0,0,0,1,0,0,0,0,0,0,0,0,0,1,0,0,0,0,0,0,AND
3,0,0,0,0,0,0,0,0,0,0,1,0,0,0,0,0,0,0,2,0,0,0,0,0,0,OR
3,1,0,2,0,0,0,0,0,1,0,0,0,0,0,0,0,0,0,2,0,0,0,0,0,0,NAND
3,0,0,0,0,0,0,7,0,0,0,2,0,0,0,0,0,0,0,1,0,0,0,0,0,0,XOR
2,1,5,1,0,0,0,0,0,0,0,0,0,0,0,0,0,0,0,2,0,0,0,0,0,0,OR
2,2,0,0,0,0,0,0,0,1,0,0,0,0,0,0,0,0,0,1,0,0,0,0,0,0,AND
3,0,0,0,1,4,0,0,0,1,0,0,0,0,0,0,0,0,0,2,0,0,0,0,0,0,NOT
2,0,2,0,0,0,0,0,0,0,0,0,0,0,0,0,0,0,0,2,0,0,0,0,0,0,OR
3,0,0,5,0,0,0,0,0,1,0,0,0,0,0,0,0,0,0,2,0,0,0,0,0,0,NAND
1,2,0,0,0,0,0,0,0,0,0,0,0,0,0,0,0,0,0,1,0,0,0,0,0,0,AND
2,2,5,0,0,0,0,0,0,0,0,0,0,0,0,0,0,0,0,2,0,0,0,0,0,0,OR
2,4,0,0,0,0,0,0,0,0,0,0,0,0,0,0,0,0,0,2,0,0,0,0,0,0,AND
3,0,3,0,0,0,0,2,0,0,0,3,0,0,0,0,0,0,0,0,0,0,0,0,0,0,XOR
2,5,2,0,0,0,0,0,0,0,0,2,0,0,0,0,0,0,0,0,0,0,0,0,0,0,AND
3,0,0,3,0,5,0,0,0,2,0,1,0,0,0,0,0,0,0,0,0,0,0,0,0,0,NOT
3,1,0,1,4,1,0,0,0,0,0,3,0,0,0,0,0,0,0,0,0,0,0,0,0,0,NOR
2,4,2,0,0,0,0,0,0,0,0,2,0,0,0,0,0,0,0,0,0,0,0,0,0,0,OR
3,0,0,1,0,9,0,0,0,1,0,1,0,0,1,0,0,0,0,0,0,0,0,0,0,0,NOT
3,0,0,2,3,0,0,0,0,1,0,1,0,0,1,0,0,0,0,0,0,0,0,0,0,0,NAND
2,1,0,0,0,0,0,0,0,1,0,1,0,0,0,0,0,0,0,0,0,0,0,0,0,0,AND
3,2,0,0,0,0,0,0,0,2,0,1,0,0,0,0,0,0,0,0,0,0,0,0,0,0,AND
2,5,1,0,0,0,0,0,0,1,0,1,0,0,0,0,0,0,0,0,0,0,0,0,0,0,AND
2,2,1,0,1,0,0,0,0,0,0,2,0,0,0,0,0,0,0,0,0,0,0,0,0,0,OR
2,0,1,0,1,0,0,0,0,0,0,2,0,0,0,0,0,0,0,0,0,0,0,0,0,0,OR
3,0,0,0,0,0,0,8,0,0,0,3,0,0,0,0,0,0,0,0,0,0,0,0,0,0,XOR
3,0,0,1,0,3,0,0,0,1,0,1,0,0,1,0,0,0,0,0,0,0,0,0,0,0,NOT
3,0,0,0,0,6,0,0,0,1,0,1,0,0,1,0,0,0,0,0,0,0,0,0,0,0,NOT
3,0,0,2,0,5,0,0,0,1,0,1,0,0,1,0,0,0,0,0,0,0,0,0,0,0,NOT
3,4,1,1,0,0,0,0,0,2,0,1,0,0,0,0,0,0,0,0,0,0,0,0,0,0,AND
2,0,4,0,0,0,0,0,0,0,0,2,0,0,0,0,0,0,0,0,0,0,0,0,0,0,OR
3,0,0,1,0,6,0,0,0,2,0,1,0,0,0,0,0,0,0,0,0,0,0,0,0,0,NOT
2,6,1,0,0,0,0,0,0,1,0,1,0,0,0,0,0,0,0,0,0,0,0,0,0,0,AND
2,6,1,0,0,0,0,0,0,1,0,1,0,0,0,0,0,0,0,0,0,0,0,0,0,0,AND
2,0,0,0,0,0,0,0,0,1,0,1,0,0,0,0,0,0,0,0,0,0,0,0,0,0,NOT
2,2,6,0,0,0,0,0,0,0,0,2,0,0,0,0,0,0,0,0,0,0,0,0,0,0,OR
2,7,3,0,0,0,0,0,0,1,0,1,0,0,0,0,0,0,0,0,0,0,0,0,0,0,AND
3,3,1,2,0,0,0,0,0,2,0,1,0,0,0,0,0,0,0,0,0,0,0,0,0,0,AND
3,0,0,1,7,0,0,0,0,0,0,2,0,0,1,0,0,0,0,0,0,0,0,0,0,0,NOR
3,0,0,0,0,0,0,1,0,0,0,3,0,0,0,0,0,0,0,0,0,0,0,0,0,0,XOR
3,0,0,2,0,0,0,0,0,1,0,2,0,0,0,0,0,0,0,0,0,0,0,0,0,0,NAND
2,4,1,1,0,0,0,0,0,0,0,2,0,0,0,0,0,0,0,0,0,0,0,0,0,0,OR
3,0,4,0,0,0,0,4,0,3,0,0,0,0,0,0,0,0,0,0,0,0,0,0,0,0,XOR
2,1,0,0,0,0,0,0,0,2,0,0,0,0,0,0,0,0,0,0,0,0,0,0,0,0,AND
3,0,1,0,7,0,0,0,0,3,0,0,0,0,0,0,0,0,0,0,0,0,0,0,0,0,NOR
2,2,2,0,0,0,0,0,0,2,0,0,0,0,0,0,0,0,0,0,0,0,0,0,0,0,OR
3,7,0,2,1,0,0,0,0,3,0,0,0,0,0,0,0,0,0,0,0,0,0,0,0,0,NAND
2,0,0,0,0,9,0,0,0,2,0,0,0,0,0,0,0,0,0,0,0,0,0,0,0,0,NOT
3,0,0,5,1,1,0,0,0,2,0,0,0,0,0,0,0,0,1,0,0,0,0,0,0,0,NOT
2,2,0,0,0,0,0,0,0,2,0,0,0,0,0,0,0,0,0,0,0,0,0,0,0,0,AND
2,0,0,0,0,0,2,0,0,2,0,0,0,0,0,0,0,0,0,0,0,0,0,0,0,0,AND
2,4,0,0,0,0,2,0,0,2,0,0,0,0,0,0,0,0,0,0,0,0,0,0,0,0,AND
2,0,4,0,3,0,0,0,0,2,0,0,0,0,0,0,0,0,0,0,0,0,0,0,0,0,OR
2,1,1,0,0,0,0,0,0,2,0,0,0,0,0,0,0,0,0,0,0,0,0,0,0,0,OR
3,0,0,0,0,0,2,2,0,3,0,0,0,0,0,0,0,0,0,0,0,0,0,0,0,0,XOR
2,0,0,0,0,10,0,0,0,2,0,0,0,0,0,0,0,0,0,0,0,0,0,0,0,0,NOT
3,0,0,0,0,6,0,0,0,3,0,0,0,0,0,0,0,0,0,0,0,0,0,0,0,0,NOT
2,5,1,0,0,0,3,0,0,2,0,0,0,0,0,0,0,0,0,0,0,0,0,0,0,0,AND
3,0,1,1,2,0,0,0,0,2,0,0,0,0,0,0,0,0,1,0,0,0,0,0,0,0,NOR
3,0,0,0,0,0,0,2,0,3,0,0,0,0,0,0,0,0,0,0,0,0,0,0,0,0,XOR
3,0,0,7,0,0,0,0,0,2,0,0,0,0,0,0,0,0,1,0,0,0,0,0,0,0,NAND
2,1,0,1,0,0,0,0,0,2,0,0,0,0,0,0,0,0,0,0,0,0,0,0,0,0,OR
2,2,2,0,0,0,0,0,0,2,0,0,0,0,0,0,0,0,0,0,0,0,0,0,0,0,OR
2,4,1,0,0,0,1,0,0,2,0,0,0,0,0,0,0,0,0,0,0,0,0,0,0,0,AND
3,0,0,2,0,7,0,0,0,3,0,0,0,0,0,0,0,0,0,0,0,0,0,0,0,0,NOT
1,7,0,0,0,0,0,0,0,1,0,0,0,0,0,0,0,0,0,0,0,0,0,0,0,0,AND
1,5,0,0,0,0,5,0,0,1,0,0,0,0,0,0,0,0,0,0,0,0,0,0,0,0,AND
2,0,0,2,0,2,0,0,0,2,0,0,0,0,0,0,0,0,0,0,0,0,0,0,0,0,NOT
2,4,3,0,1,0,0,0,0,2,0,0,0,0,0,0,0,0,0,0,0,0,0,0,0,0,OR
2,5,0,0,0,0,2,0,0,2,0,0,0,0,0,0,0,0,0,0,0,0,0,0,0,0,AND
3,0,0,6,1,0,0,0,0,0,1,1,0,0,1,0,0,0,0,0,0,0,0,0,0,0,NAND
3,0,0,1,1,4,0,0,0,0,1,0,0,0,1,0,0,0,0,1,0,0,0,0,0,0,NOT
3,0,2,0,4,0,0,0,0,0,1,0,0,0,2,0,0,0,0,0,0,0,0,0,0,0,OR
2,4,0,1,0,0,0,0,0,0,1,1,0,0,0,0,0,0,0,0,0,0,0,0,0,0,AND
4,0,4,0,6,0,0,0,0,0,1,0,1,1,1,0,0,0,0,0,0,0,0,0,0,0,NOR
4,0,0,0,0,0,0,8,0,0,0,2,1,1,0,0,0,0,0,0,0,0,0,0,0,0,XOR
3,0,0,1,1,4,0,0,0,0,1,0,0,0,1,0,0,0,0,1,0,0,0,0,0,0,NOT
2,2,0,0,0,0,0,0,0,0,1,1,0,0,0,0,0,0,0,0,0,0,0,0,0,0,AND
2,3,0,0,0,0,0,0,0,0,1,1,0,0,0,0,0,0,0,0,0,0,0,0,0,0,AND
2,7,1,0,0,0,0,0,0,0,1,1,0,0,0,0,0,0,0,0,0,0,0,0,0,0,AND
3,0,6,0,2,0,0,0,0,0,0,1,1,1,0,0,0,0,0,0,0,0,0,0,0,0,OR
3,0,8,0,2,0,0,0,0,0,1,0,1,1,0,0,0,0,0,0,0,0,0,0,0,0,OR
4,0,0,0,0,0,0,8,0,0,2,0,1,1,0,0,0,0,0,0,0,0,0,0,0,0,XOR
3,0,0,2,0,6,0,0,0,0,1,0,0,0,1,0,0,0,0,1,0,0,0,0,0,0,NOT
3,0,0,1,0,5,0,0,0,0,1,0,0,0,1,0,0,0,0,1,0,0,0,0,0,0,NOT
3,0,0,0,0,1,0,0,0,0,1,0,0,0,1,0,0,0,0,1,0,0,0,0,0,0,NOT
3,0,4,0,4,0,0,0,0,0,1,0,1,1,0,0,0,0,0,0,0,0,0,0,0,0,OR
1,0,0,0,0,0,1,0,0,0,1,0,0,0,0,0,0,0,0,0,0,0,0,0,0,0,NOTBUBBLE
3,0,5,0,4,0,0,0,0,0,1,0,1,1,0,0,0,0,0,0,0,0,0,0,0,0,OR
2,2,0,1,0,0,0,0,0,0,1,0,0,0,0,0,0,0,0,1,0,0,0,0,0,0,AND
1,0,0,0,0,0,4,0,0,0,1,0,0,0,0,0,0,0,0,0,0,0,0,0,0,0,NOTBUBBLE
2,1,0,0,0,0,0,0,0,0,1,1,0,0,0,0,0,0,0,0,0,0,0,0,0,0,AND
2,8,1,0,0,0,0,0,0,0,1,0,0,0,0,0,0,0,0,1,0,0,0,0,0,0,AND
2,1,0,0,0,0,0,0,0,0,1,0,0,0,0,0,0,0,0,1,0,0,0,0,0,0,AND
4,0,0,0,7,0,0,0,0,0,2,0,1,1,0,0,0,0,0,0,0,0,0,0,0,0,NOR
2,5,0,0,0,0,0,0,0,0,1,0,0,0,0,0,0,0,0,1,0,0,0,0,0,0,AND
3,0,0,7,0,0,0,0,0,0,1,1,0,0,1,0,0,0,0,0,0,0,0,0,0,0,NAND
4,0,1,0,0,0,0,5,0,0,0,2,1,1,0,0,0,0,0,0,0,0,0,0,0,0,XOR
4,0,0,0,0,0,0,8,0,0,1,0,1,1,0,0,0,0,1,0,0,0,0,0,0,0,OR
3,0,0,5,1,0,0,0,0,1,0,0,0,0,0,0,0,0,2,0,0,0,0,0,0,0,NAND
2,0,0,0,0,2,0,0,0,0,0,0,0,0,2,0,0,0,0,0,0,0,0,0,0,0,NOT
3,0,5,0,1,0,0,0,0,1,0,0,1,1,0,0,0,0,0,0,0,0,0,0,0,0,OR
2,8,0,0,0,0,0,0,0,1,0,0,0,0,0,0,0,0,1,0,0,0,0,0,0,0,AND
3,0,1,0,4,0,0,0,0,0,0,1,0,0,0,0,0,0,2,0,0,0,0,0,0,0,NOR
3,0,0,0,0,0,0,4,0,1,1,1,0,0,0,0,0,0,0,0,0,0,0,0,0,0,XOR
3,0,0,0,0,9,0,0,0,1,0,0,0,0,0,0,0,0,2,0,0,0,0,0,0,0,NOT
4,0,2,0,0,0,0,6,0,1,0,1,1,1,0,0,0,0,0,0,0,0,0,0,0,0,XOR
3,0,3,0,0,0,0,0,0,0,0,0,1,1,0,0,0,0,1,0,0,0,0,0,0,0,OR
3,0,6,0,0,0,0,0,0,0,0,1,1,1,0,0,0,0,0,0,0,0,0,0,0,0,OR
2,6,0,0,0,0,0,0,0,1,0,0,0,0,0,0,0,0,1,0,0,0,0,0,0,0,AND
2,6,0,0,0,1,0,0,0,1,0,0,0,0,0,0,0,0,1,0,0,0,0,0,0,0,AND
2,6,0,0,0,0,0,0,0,1,0,0,0,0,0,0,0,0,1,0,0,0,0,0,0,0,AND
2,0,0,1,0,6,0,0,0,0,0,0,0,0,0,0,0,0,2,0,0,0,0,0,0,0,NOT
2,0,0,0,0,6,0,0,0,0,0,0,0,0,1,0,0,0,1,0,0,0,0,0,0,0,NOT
2,0,0,0,0,7,0,0,0,0,1,0,0,0,0,0,0,0,1,0,0,0,0,0,0,0,NOT
4,0,0,0,6,0,0,0,0,0,0,0,1,1,0,0,0,0,1,0,0,0,0,0,0,0,NOR
2,5,0,0,0,0,0,0,0,1,0,0,0,0,0,0,0,0,1,0,0,0,0,0,0,0,AND
4,0,0,0,0,0,0,7,0,0,0,1,1,1,0,0,0,0,1,0,0,0,0,0,0,0,XOR
3,0,0,3,0,0,0,0,0,1,0,0,0,0,0,0,0,0,1,0,1,0,0,0,0,0,NAND
3,0,3,0,0,0,0,0,0,1,0,0,1,1,0,0,0,0,0,0,0,0,0,0,0,0,OR
2,2,0,0,0,0,0,0,0,1,1,0,0,0,0,0,0,0,0,0,0,0,0,0,0,0,AND
2,9,0,0,0,0,0,0,0,1,0,0,0,0,0,0,0,0,1,0,0,0,0,0,0,0,AND
2,0,5,0,0,0,0,0,0,0,0,0,0,0,0,0,0,0,2,0,0,0,0,0,0,0,OR
2,0,0,1,0,2,0,0,0,0,1,0,0,0,0,0,0,0,1,0,0,0,0,0,0,0,NOT
5,0,4,0,1,1,0,0,0,1,0,0,2,1,0,0,0,0,0,0,1,0,0,0,0,0,OR
2,8,0,0,0,0,0,0,0,1,0,0,0,0,0,0,0,0,1,0,0,0,0,0,0,0,AND
2,7,0,0,0,0,0,0,0,1,0,0,0,0,0,0,0,0,1,0,0,0,0,0,0,0,AND
1,0,0,0,0,0,3,0,0,0,0,0,0,0,0,0,0,0,1,0,0,0,0,0,0,0,NOTBUBBLE
3,0,0,0,1,0,0,7,0,1,1,1,0,0,0,0,0,0,0,0,0,0,0,0,0,0,XOR
2,7,0,0,0,0,0,0,0,1,1,0,0,0,0,0,0,0,0,0,0,0,0,0,0,0,AND
1,0,0,0,0,0,1,0,0,0,0,0,0,0,1,0,0,0,0,0,0,0,0,0,0,0,NOTBUBBLE
2,0,0,0,0,0,0,0,0,0,0,0,0,0,1,0,0,0,0,0,0,0,0,0,1,0,NOR
1,0,0,0,0,0,0,0,0,0,0,0,0,0,1,0,0,0,0,0,0,0,0,0,0,0,NOTBUBBLE
2,0,0,1,1,0,0,5,0,0,1,1,0,0,0,0,0,0,0,0,0,0,0,0,0,0,OR
3,2,0,1,0,0,0,0,0,0,1,1,0,0,1,0,0,0,0,0,0,0,0,0,0,0,NAND
1,0,0,0,0,0,4,0,0,0,0,0,0,0,1,0,0,0,0,0,0,0,0,0,0,0,NOTBUBBLE
2,7,0,0,0,0,2,0,0,1,1,0,0,0,0,0,0,0,0,0,0,0,0,0,0,0,AND
1,0,0,0,0,0,1,0,0,0,0,0,0,0,1,0,0,0,0,0,0,0,0,0,0,0,NOTBUBBLE
2,5,0,0,0,0,0,0,0,1,1,0,0,0,0,0,0,0,0,0,0,0,0,0,0,0,AND
1,1,0,0,0,0,1,0,0,0,0,0,0,0,1,0,0,0,0,0,0,0,0,0,0,0,NOTBUBBLE
2,7,0,0,0,0,1,0,0,1,1,0,0,0,0,0,0,0,0,0,0,0,0,0,0,0,AND
1,1,0,0,0,0,1,0,0,0,0,0,0,0,1,0,0,0,0,0,0,0,0,0,0,0,NOTBUBBLE
2,0,2,0,1,0,0,3,0,0,2,0,0,0,0,0,0,0,0,0,0,0,0,0,0,0,OR
1,0,0,0,0,0,0,0,0,0,0,0,0,0,0,0,0,0,0,0,0,0,0,0,1,0,OR
4,0,1,0,1,0,0,7,0,0,0,2,2,0,0,0,0,0,0,0,0,0,0,0,0,0,XOR
3,2,0,1,0,0,0,0,0,0,1,1,0,0,0,0,1,0,0,0,0,0,0,0,0,0,AND
4,0,1,0,0,0,0,1,0,0,0,0,1,1,1,0,1,0,0,0,0,0,0,0,0,0,OR
1,0,0,0,0,0,0,0,0,0,0,0,0,0,1,0,0,0,0,0,0,0,0,0,0,0,NOTBUBBLE
1,5,0,0,0,0,1,0,0,0,1,0,0,0,0,0,0,0,0,0,0,0,0,0,0,0,AND
3,0,1,0,1,0,0,1,0,0,1,0,0,0,1,0,1,0,0,0,0,0,0,0,0,0,OR
1,4,0,0,0,0,0,0,0,0,0,0,0,0,1,0,0,0,0,0,0,0,0,0,0,0,AND
1,1,0,2,0,0,0,0,0,0,0,0,0,0,1,0,0,0,0,0,0,0,0,0,0,0,AND
1,0,0,0,0,0,0,0,0,0,0,0,0,0,1,0,0,0,0,0,0,0,0,0,0,0,NOTBUBBLE
4,0,6,0,0,0,0,3,0,0,0,0,1,1,1,0,1,0,0,0,0,0,0,0,0,0,OR
3,0,4,0,1,0,0,3,0,0,1,0,0,0,1,0,1,0,0,0,0,0,0,0,0,0,XOR
1,0,0,0,0,0,0,0,0,0,0,0,0,0,0,0,0,0,0,0,0,0,0,0,1,0,OR
1,0,0,0,0,0,1,0,0,0,0,0,0,0,1,0,0,0,0,0,0,0,0,0,0,0,NOTBUBBLE
1,0,0,0,0,0,1,0,0,0,0,0,0,0,1,0,0,0,0,0,0,0,0,0,0,0,NOTBUBBLE
4,0,2,0,3,0,0,5,0,0,0,0,0,2,2,0,0,0,0,0,0,0,0,0,0,0,NOR
1,1,0,1,0,0,0,0,0,0,0,0,0,0,0,0,0,0,0,0,0,0,0,0,1,0,AND
3,0,2,0,0,0,0,7,0,1,0,1,0,0,1,0,0,0,0,0,0,0,0,0,0,0,XOR
2,6,0,0,0,0,0,0,0,0,1,1,0,0,0,0,0,0,0,0,0,0,0,0,0,0,AND
2,0,9,0,1,0,0,0,0,0,1,0,1,0,0,0,0,0,0,0,0,0,0,0,0,0,OR
2,0,0,0,1,4,0,0,0,0,0,0,0,0,1,0,0,1,0,0,0,0,0,0,0,0,NOT
3,0,0,1,0,0,0,0,0,1,1,0,0,0,1,0,0,0,0,0,0,0,0,0,0,0,NAND
2,0,3,0,7,0,0,0,0,0,0,0,0,0,1,0,0,0,0,0,0,0,0,0,1,0,NOR
2,0,0,0,0,7,0,0,0,0,1,0,0,0,1,0,0,0,0,0,0,0,0,0,0,0,NOT
3,0,0,0,0,6,0,0,0,0,0,0,0,0,3,0,0,0,0,0,0,0,0,0,0,0,NOT
2,5,0,0,0,0,1,0,0,1,1,0,0,0,0,0,0,0,0,0,0,0,0,0,0,0,AND
1,0,4,0,0,0,0,6,0,0,0,0,0,0,0,0,0,0,0,0,0,0,0,0,1,0,OR
2,0,0,0,0,0,0,7,0,0,0,1,0,0,0,0,0,0,0,0,0,0,0,0,1,0,XOR
2,0,4,0,5,0,0,0,0,0,1,1,0,0,0,0,0,0,0,0,0,0,0,0,0,0,OR
2,6,0,0,0,0,1,0,0,1,1,0,0,0,0,0,0,0,0,0,0,0,0,0,0,0,AND
2,9,0,0,0,0,0,0,0,1,1,0,0,0,0,0,0,0,0,0,0,0,0,0,0,0,AND
2,0,0,0,3,3,0,0,0,0,0,0,0,0,1,0,0,1,0,0,0,0,0,0,0,0,NOT
2,0,0,0,0,3,0,0,0,0,0,0,0,0,1,0,0,1,0,0,0,0,0,0,0,0,NOT
2,0,0,0,0,0,0,3,0,0,0,0,0,1,1,0,0,0,0,0,0,0,0,0,0,0,OR
3,0,0,0,0,0,0,0,0,0,0,0,0,1,0,0,0,0,1,0,0,0,0,0,1,0,XOR
2,0,0,1,0,1,0,0,0,0,0,0,0,0,1,0,0,0,1,0,0,0,0,0,0,0,NAND
3,0,0,0,1,0,0,6,0,0,0,1,0,0,2,0,0,0,0,0,0,0,0,0,0,0,NOR
1,4,0,0,0,0,0,0,0,0,0,0,0,0,1,0,0,0,0,0,0,0,0,0,0,0,AND
1,9,0,0,0,0,1,0,0,0,1,0,0,0,0,0,0,0,0,0,0,0,0,0,0,0,AND
1,0,0,0,0,0,0,9,0,0,0,0,0,0,1,0,0,0,0,0,0,0,0,0,0,0,OR
1,0,0,0,0,0,0,0,0,0,0,0,0,0,0,0,0,0,0,0,0,0,0,0,1,0,OR
1,3,0,0,0,0,1,0,0,0,0,0,0,0,1,0,0,0,0,0,0,0,0,0,0,0,NOTBUBBLE
1,2,0,0,0,0,0,0,0,0,0,0,0,0,1,0,0,0,0,0,0,0,0,0,0,0,AND
1,3,0,2,0,0,0,0,0,0,0,0,0,0,1,0,0,0,0,0,0,0,0,0,0,0,AND
1,1,0,0,0,0,2,0,0,0,0,0,0,0,1,0,0,0,0,0,0,0,0,0,0,0,NOTBUBBLE
1,6,0,0,0,0,3,0,0,0,0,0,0,0,1,0,0,0,0,0,0,0,0,0,0,0,AND
2,5,0,1,0,0,0,0,0,2,0,0,0,0,0,0,0,0,0,0,0,0,0,0,0,0,AND
2,0,2,0,2,0,0,0,0,2,0,0,0,0,0,0,0,0,0,0,0,0,0,0,0,0,NOR
2,0,1,0,1,0,0,0,0,2,0,0,0,0,0,0,0,0,0,0,0,0,0,0,0,0,OR
2,0,0,0,0,0,0,0,0,1,0,1,0,0,0,0,0,0,0,0,0,0,0,0,0,0,NOT
3,1,0,9,0,0,0,0,0,3,0,0,0,0,0,0,0,0,0,0,0,0,0,0,0,0,NAND
5,0,2,0,1,0,0,0,0,1,0,1,0,0,0,0,0,0,0,0,3,0,0,0,0,0,LabelBox
2,0,1,0,1,0,0,7,0,2,0,0,0,0,0,0,0,0,0,0,0,0,0,0,0,0,XOR
4,4,0,1,1,0,0,0,0,1,0,2,0,0,1,0,0,0,0,0,0,0,0,0,0,0,LabelBox
2,0,0,1,0,0,0,0,0,1,0,1,0,0,0,0,0,0,0,0,0,0,0,0,0,0,LabelBox
3,2,0,0,0,0,0,0,0,0,0,2,0,0,0,0,0,0,0,0,1,0,0,0,0,0,LabelBox
4,0,0,0,0,0,0,0,0,2,0,2,0,0,0,0,0,0,0,0,0,0,0,0,0,0,NOT
2,1,0,0,0,0,1,0,0,2,0,0,0,0,0,0,0,0,0,0,0,0,0,0,0,0,AND
2,3,0,1,0,0,0,0,0,2,0,0,0,0,0,0,0,0,0,0,0,0,0,0,0,0,AND
2,2,0,1,0,0,0,0,0,2,0,0,0,0,0,0,0,0,0,0,0,0,0,0,0,0,AND
1,0,2,0,1,0,0,0,0,1,0,0,0,0,0,0,0,0,0,0,0,0,0,0,0,0,OR
2,0,1,0,1,0,0,0,0,2,0,0,0,0,0,0,0,0,0,0,0,0,0,0,0,0,OR
2,0,2,0,0,0,0,5,0,2,0,0,0,0,0,0,0,0,0,0,0,0,0,0,0,0,XOR
2,2,1,3,1,0,0,0,0,0,0,2,0,0,0,0,0,0,0,0,0,0,0,0,0,0,LabelBox
3,2,0,0,0,0,1,0,0,0,0,3,0,0,0,0,0,0,0,0,0,0,0,0,0,0,LabelBox
3,0,0,0,0,3,0,0,0,2,0,1,0,0,0,0,0,0,0,0,0,0,0,0,0,0,NOT
1,3,1,0,1,0,0,0,0,1,0,0,0,0,0,0,0,0,0,0,0,0,0,0,0,0,LabelBox
2,2,2,0,1,0,0,0,0,0,0,1,0,0,0,0,0,0,0,0,1,0,0,0,0,0,LabelBox
3,0,0,2,0,2,0,0,0,1,0,1,0,0,1,0,0,0,0,0,0,0,0,0,0,0,NOT
2,3,0,2,0,0,0,0,0,0,0,2,0,0,0,0,0,0,0,0,0,0,0,0,0,0,LabelBox
3,0,0,3,0,3,0,0,0,1,0,1,0,0,1,0,0,0,0,0,0,0,0,0,0,0,NOT
3,3,0,0,0,0,0,0,0,0,0,2,0,0,0,0,0,0,0,0,1,0,0,0,0,0,LabelBox
3,0,1,0,0,0,0,0,0,3,0,0,0,0,0,0,0,0,0,0,0,0,0,0,0,0,OR
3,0,0,3,0,4,0,0,0,1,0,1,0,0,1,0,0,0,0,0,0,0,0,0,0,0,NOT
2,2,0,2,0,0,0,0,0,0,0,1,0,0,0,0,0,0,0,0,1,0,0,0,0,0,LabelBox
4,3,0,0,0,0,0,0,0,1,0,2,0,0,0,0,0,0,0,0,1,0,0,0,0,0,LabelBox
2,6,0,1,0,0,1,0,0,2,0,0,0,0,0,0,0,0,0,0,0,0,0,0,0,0,AND
3,1,0,1,0,0,0,0,0,3,0,0,0,0,0,0,0,0,0,0,0,0,0,0,0,0,AND
3,0,0,1,0,0,0,0,0,0,0,2,0,0,1,0,0,0,0,0,0,0,0,0,0,0,LabelBox
3,0,0,0,0,2,0,0,0,2,0,1,0,0,0,0,0,0,0,0,0,0,0,0,0,0,NOT
2,3,0,2,0,0,0,0,0,2,0,0,0,0,0,0,0,0,0,0,0,0,0,0,0,0,AND
2,2,0,0,0,0,0,0,0,2,0,0,0,0,0,0,0,0,0,0,0,0,0,0,0,0,AND
2,5,0,1,0,0,0,0,0,2,0,0,0,0,0,0,0,0,0,0,0,0,0,0,0,0,AND
2,2,0,3,0,0,0,0,0,2,0,0,0,0,0,0,0,0,0,0,0,0,0,0,0,0,AND
3,0,3,0,4,0,0,0,0,3,0,0,0,0,0,0,0,0,0,0,0,0,0,0,0,0,NOR
3,2,0,7,0,0,0,0,0,3,0,0,0,0,0,0,0,0,0,0,0,0,0,0,0,0,NAND
2,0,1,0,0,0,0,3,0,2,0,0,0,0,0,0,0,0,0,0,0,0,0,0,0,0,XOR
2,0,0,1,0,0,0,0,0,2,0,0,0,0,0,0,0,0,0,0,0,0,0,0,0,0,OR
2,0,0,1,0,0,0,0,0,1,0,1,0,0,0,0,0,0,0,0,0,0,0,0,0,0,LabelBox
3,1,0,1,0,0,0,0,0,1,0,1,0,0,0,0,0,0,0,0,1,0,0,0,0,0,LabelBox
1,0,0,1,0,0,0,0,0,1,0,0,0,0,0,0,0,0,0,0,0,0,0,0,0,0,LabelBox
2,3,0,2,0,0,0,0,0,1,0,1,0,0,0,0,0,0,0,0,0,0,0,0,0,0,LabelBox
3,0,0,0,0,0,1,1,0,1,0,0,0,0,0,0,0,0,0,0,2,0,0,0,0,0,LabelBox
3,3,0,0,0,0,1,0,0,1,0,0,0,0,0,0,0,0,0,0,2,0,0,0,0,0,LabelBox
3,0,4,0,0,0,0,3,0,3,0,0,0,0,0,0,0,0,0,0,0,0,0,0,0,0,XOR
3,0,1,1,0,1,0,0,0,2,0,0,0,0,0,0,0,0,0,0,1,0,0,0,0,0,NOT
2,7,0,1,0,0,0,0,0,2,0,0,0,0,0,0,0,0,0,0,0,0,0,0,0,0,AND
3,0,0,0,2,0,0,0,0,3,0,0,0,0,0,0,0,0,0,0,0,0,0,0,0,0,NOR
2,0,3,0,0,0,0,0,0,2,0,0,0,0,0,0,0,0,0,0,0,0,0,0,0,0,OR
3,0,0,2,0,5,0,0,0,2,0,0,0,0,0,0,0,0,0,0,1,0,0,0,0,0,NOT
3,2,0,4,0,0,0,0,0,2,0,0,0,0,0,0,0,0,0,0,1,0,0,0,0,0,NAND
3,0,0,1,0,3,0,0,0,2,0,0,0,0,0,0,0,0,0,0,1,0,0,0,0,0,NOT
2,6,0,2,0,0,0,0,0,2,0,0,0,0,0,0,0,0,0,0,0,0,0,0,0,0,AND
2,4,0,2,1,0,0,0,0,2,0,0,0,0,0,0,0,0,0,0,0,0,0,0,0,0,OR
3,0,3,0,0,0,0,6,0,3,0,0,0,0,0,0,0,0,0,0,0,0,0,0,0,0,XOR
2,1,0,1,0,0,0,0,0,2,0,0,0,0,0,0,0,0,0,0,0,0,0,0,0,0,AND
2,0,1,0,0,0,0,0,0,2,0,0,0,0,0,0,0,0,0,0,0,0,0,0,0,0,OR
3,0,0,2,0,3,0,0,0,2,0,0,0,0,0,0,0,0,0,0,1,0,0,0,0,0,NOT
2,6,0,3,0,0,0,0,0,2,0,0,0,0,0,0,0,0,0,0,0,0,0,0,0,0,AND
3,0,0,0,0,0,0,0,0,1,0,0,0,0,0,0,0,0,0,0,2,0,0,0,0,0,NOT
2,4,0,0,0,0,1,0,0,2,0,0,0,0,0,0,0,0,0,0,0,0,0,0,0,0,AND
2,2,0,0,0,0,0,0,0,2,0,0,0,0,0,0,0,0,0,0,0,0,0,0,0,0,OR
3,0,0,1,1,2,0,0,0,1,0,0,0,0,0,0,0,0,0,0,2,0,0,0,0,0,NOT
2,6,0,1,0,0,0,0,0,2,0,0,0,0,0,0,0,0,0,0,0,0,0,0,0,0,AND
3,0,0,1,0,3,0,0,0,2,0,0,0,0,0,0,0,0,0,0,1,0,0,0,0,0,NOT
3,0,0,0,0,0,0,7,0,3,0,0,0,0,0,0,0,0,0,0,0,0,0,0,0,0,XOR
2,0,0,3,0,0,0,0,0,2,0,0,0,0,0,0,0,0,0,0,0,0,0,0,0,0,OR
3,0,0,0,2,2,0,0,0,1,0,0,0,0,0,0,0,0,0,0,2,0,0,0,0,0,NOT
2,1,1,0,1,0,0,0,0,2,0,0,0,0,0,0,0,0,0,0,0,0,0,0,0,0,OR
2,3,0,1,0,0,1,0,0,2,0,0,0,0,0,0,0,0,0,0,0,0,0,0,0,0,AND
2,7,0,0,0,0,0,0,0,2,0,0,0,0,0,0,0,0,0,0,0,0,0,0,0,0,AND
3,0,0,0,0,1,0,0,0,2,0,0,0,0,0,0,0,0,0,0,1,0,0,0,0,0,NOT
2,1,0,0,0,0,1,0,0,2,0,0,0,0,0,0,0,0,0,0,0,0,0,0,0,0,AND
2,4,0,1,0,0,0,0,0,2,0,0,0,0,0,0,0,0,0,0,0,0,0,0,0,0,AND
2,0,0,0,0,0,0,0,0,2,0,0,0,0,0,0,0,0,0,0,0,0,0,0,0,0,OR
4,0,0,0,0,0,0,9,0,0,0,2,1,1,0,0,0,0,0,0,0,0,0,0,0,0,XOR
2,9,0,1,0,0,0,0,0,0,1,1,0,0,0,0,0,0,0,0,0,0,0,0,0,0,AND
5,0,1,0,6,0,0,0,0,0,1,0,1,1,1,0,0,0,1,0,0,0,0,0,0,0,NOR
4,0,9,0,0,0,0,1,0,0,0,1,1,1,0,0,0,0,1,0,0,0,0,0,0,0,OR
6,0,0,0,0,8,0,0,0,0,1,2,0,0,1,0,0,0,1,1,0,0,0,0,0,0,NOT
5,0,0,3,0,2,0,0,0,0,1,1,0,0,1,0,0,0,0,2,0,0,0,0,0,0,NAND
3,0,1,0,1,6,0,0,0,0,1,1,0,0,1,0,0,0,0,0,0,0,0,0,0,0,NOT
2,8,0,0,0,0,0,0,0,1,1,0,0,0,0,0,0,0,0,0,0,0,0,0,0,0,AND
2,6,0,1,0,0,0,0,0,0,1,1,0,0,0,0,0,0,0,0,0,0,0,0,0,0,AND
3,9,0,1,0,0,0,0,0,1,1,1,0,0,0,0,0,0,0,0,0,0,0,0,0,0,AND
4,0,8,0,1,0,0,0,0,0,0,1,1,1,0,0,0,0,0,1,0,0,0,0,0,0,OR
3,0,8,0,1,0,0,0,0,0,0,1,1,1,0,0,0,0,0,0,0,0,0,0,0,0,OR
4,0,0,0,0,0,0,9,0,0,0,2,1,1,0,0,0,0,0,0,0,0,0,0,0,0,XOR
4,0,0,1,0,4,0,0,0,0,1,2,0,0,1,0,0,0,0,0,0,0,0,0,0,0,NOT
3,0,0,0,0,8,0,0,0,1,1,0,0,0,1,0,0,0,0,0,0,0,0,0,0,0,NOT
3,0,0,0,0,5,0,0,0,1,1,0,0,0,1,0,0,0,0,0,0,0,0,0,0,0,NOT
3,1,0,0,0,4,0,0,0,0,1,2,0,0,0,0,0,0,0,0,0,0,0,0,0,0,AND
1,1,0,2,0,0,1,0,0,0,0,0,0,0,1,0,0,0,0,0,0,0,0,0,0,0,NOTBUBBLE
2,3,0,2,0,2,0,0,0,0,1,1,0,0,0,0,0,0,0,0,0,0,0,0,0,0,AND
1,0,0,1,0,0,0,0,0,0,0,0,0,0,0,0,0,0,0,1,0,0,0,0,0,0,NOTBUBBLE
2,1,0,2,0,3,0,0,0,0,1,1,0,0,0,0,0,0,0,0,0,0,0,0,0,0,AND
3,0,6,0,4,0,0,0,0,0,0,1,1,1,0,0,0,0,0,0,0,0,0,0,0,0,OR
2,3,0,0,0,2,0,0,0,0,1,1,0,0,0,0,0,0,0,0,0,0,0,0,0,0,AND
3,0,8,0,0,0,0,1,0,0,0,1,1,1,0,0,0,0,0,0,0,0,0,0,0,0,OR
1,0,0,0,0,0,0,0,0,0,0,0,0,0,1,0,0,0,0,0,0,0,0,0,0,0,NOTBUBBLE
1,0,0,1,0,0,1,0,0,0,0,0,0,0,1,0,0,0,0,0,0,0,0,0,0,0,NOTBUBBLE
1,0,0,0,0,0,0,0,0,0,0,0,0,0,1,0,0,0,0,0,0,0,0,0,0,0,NOTBUBBLE
1,0,0,0,0,0,2,0,0,0,0,0,0,0,1,0,0,0,0,0,0,0,0,0,0,0,NOTBUBBLE
2,3,0,0,0,1,0,0,0,0,1,1,0,0,0,0,0,0,0,0,0,0,0,0,0,0,AND
1,2,0,0,0,0,3,0,0,0,0,0,0,0,1,0,0,0,0,0,0,0,0,0,0,0,NOTBUBBLE
1,0,0,0,0,0,3,0,0,0,0,0,0,0,1,0,0,0,0,0,0,0,0,0,0,0,NOTBUBBLE
4,0,0,0,0,0,0,10,0,0,0,2,1,1,0,0,0,0,0,0,0,0,0,0,0,0,XOR
3,0,7,0,3,0,0,0,0,0,0,1,1,1,0,0,0,0,0,0,0,0,0,0,0,0,OR
4,0,0,0,0,0,0,10,0,0,0,2,1,1,0,0,0,0,0,0,0,0,0,0,0,0,XOR
2,8,0,0,0,0,1,0,0,1,1,0,0,0,0,0,0,0,0,0,0,0,0,0,0,0,AND
4,0,2,0,7,0,0,0,0,1,0,0,1,1,1,0,0,0,0,0,0,0,0,0,0,0,NOR
3,0,0,1,1,6,0,0,0,1,1,0,0,0,1,0,0,0,0,0,0,0,0,0,0,0,NOT
3,0,6,0,4,0,0,0,0,0,0,1,1,1,0,0,0,0,0,0,0,0,0,0,0,0,OR
3,0,0,4,0,4,0,0,0,1,0,0,0,0,1,0,0,0,1,0,0,0,0,0,0,0,NOT
3,0,0,3,0,0,0,0,0,0,1,0,0,0,2,0,0,0,0,0,0,0,0,0,0,0,NAND
3,3,0,0,0,0,4,0,0,1,1,0,0,0,1,0,0,0,0,0,0,0,0,0,0,0,AND
3,5,0,0,0,0,1,0,0,1,1,0,0,0,0,0,0,0,0,1,0,0,0,0,0,0,AND
2,9,0,0,0,0,1,0,0,1,1,0,0,0,0,0,0,0,0,0,0,0,0,0,0,0,AND
3,0,0,1,0,6,0,0,0,1,0,0,0,0,1,0,0,0,1,0,0,0,0,0,0,0,NOT
3,0,0,0,0,6,0,0,0,1,0,0,0,0,1,0,0,0,1,0,0,0,0,0,0,0,NOT
3,0,0,0,0,2,0,0,0,1,0,0,0,0,1,0,0,0,1,0,0,0,0,0,0,0,NOT
3,0,7,0,3,0,0,0,0,1,0,0,1,1,0,0,0,0,0,0,0,0,0,0,0,0,OR
3,0,7,0,3,0,0,0,0,1,0,0,1,1,0,0,0,0,0,0,0,0,0,0,0,0,OR
4,0,0,0,0,0,0,9,0,1,0,1,1,1,0,0,0,0,0,0,0,0,0,0,0,0,XOR
2,8,0,0,0,0,2,0,0,1,1,0,0,0,0,0,0,0,0,0,0,0,0,0,0,0,AND
1,0,0,0,0,0,3,0,0,0,0,0,0,0,1,0,0,0,0,0,0,0,0,0,0,0,NOTBUBBLE
1,4,0,0,0,0,4,0,0,0,0,0,0,0,1,0,0,0,0,0,0,0,0,0,0,0,NOTBUBBLE
5,0,4,0,2,0,0,0,0,0,0,2,1,1,1,0,0,0,0,0,0,0,0,0,0,0,NOR
3,3,0,2,0,0,0,0,0,1,0,0,1,0,0,0,0,0,1,0,0,0,0,0,0,0,AND
5,0,0,0,1,0,0,3,0,1,0,1,1,2,0,0,0,0,0,0,0,0,0,0,0,0,XOR
3,0,6,0,3,0,0,0,0,0,0,1,1,1,0,0,0,0,0,0,0,0,0,0,0,0,OR
2,7,0,1,0,0,0,0,0,1,0,0,0,0,0,0,0,0,1,0,0,0,0,0,0,0,AND
3,0,7,0,3,0,0,0,0,1,0,0,1,1,0,0,0,0,0,0,0,0,0,0,0,0,OR
2,9,0,0,0,0,0,0,0,1,0,0,0,0,1,0,0,0,0,0,0,0,0,0,0,0,AND
1,0,0,0,0,0,0,0,0,0,0,0,0,0,1,0,0,0,0,0,0,0,0,0,0,0,NOTBUBBLE
1,1,0,0,0,0,5,0,0,0,0,0,0,0,1,0,0,0,0,0,0,0,0,0,0,0,NOTBUBBLE
2,9,0,0,0,0,1,0,0,1,0,0,0,0,0,0,0,0,1,0,0,0,0,0,0,0,AND
3,0,6,0,4,0,0,0,0,1,0,0,1,1,0,0,0,0,0,0,0,0,0,0,0,0,OR
3,0,6,0,3,0,0,0,0,1,0,0,1,1,0,0,0,0,0,0,0,0,0,0,0,0,OR
4,0,0,0,0,0,0,10,0,0,0,2,1,0,0,0,1,0,0,0,0,0,0,0,0,0,XOR
2,7,0,3,0,0,0,0,0,0,1,1,0,0,0,0,0,0,0,0,0,0,0,0,0,0,AND
6,0,0,0,1,0,0,0,0,0,1,2,1,0,1,0,0,0,0,1,0,0,0,0,0,0,NOR
3,0,7,0,3,0,0,0,0,0,0,2,1,0,0,0,0,0,0,0,0,0,0,0,0,0,OR
3,0,0,7,0,0,0,0,0,0,1,1,0,0,1,0,0,0,0,0,0,0,0,0,0,0,NAND
4,0,0,0,1,9,0,0,0,0,0,1,0,0,1,1,1,0,0,0,0,0,0,0,0,0,NOT
5,1,0,0,1,0,0,0,0,0,0,0,0,0,0,1,3,0,0,1,0,0,0,0,0,0,LabelBox
5,1,0,1,2,0,0,0,0,0,0,0,0,0,0,1,2,0,0,2,0,0,0,0,0,0,LabelBox
5,0,0,1,2,0,0,0,0,0,0,0,0,0,0,2,1,0,0,2,0,0,0,0,0,0,LabelBox
4,0,0,0,0,9,0,0,0,0,0,1,0,0,1,1,1,0,0,0,0,0,0,0,0,0,NOT
5,1,0,0,2,0,0,0,0,0,0,0,0,0,0,2,2,0,0,1,0,0,0,0,0,0,LabelBox
4,2,0,0,0,1,0,0,0,0,1,2,0,0,0,0,0,0,0,1,0,0,0,0,0,0,AND
2,4,0,2,0,0,0,0,0,0,1,1,0,0,0,0,0,0,0,0,0,0,0,0,0,0,AND
2,2,0,2,1,0,0,0,0,0,1,1,0,0,0,0,0,0,0,0,0,0,0,0,0,0,AND
3,0,8,0,1,0,0,0,0,0,0,2,1,0,0,0,0,0,0,0,0,0,0,0,0,0,OR
3,0,6,0,3,0,0,0,0,0,0,2,1,0,0,0,0,0,0,0,0,0,0,0,0,0,OR
4,0,1,0,0,0,0,4,0,0,0,3,1,0,0,0,0,0,0,0,0,0,0,0,0,0,XOR
5,0,0,1,1,0,0,0,0,0,0,1,0,0,0,2,2,0,0,0,0,0,0,0,0,0,LabelBox
4,0,0,0,0,4,0,0,0,0,0,1,0,0,1,1,1,0,0,0,0,0,0,0,0,0,NOT
4,0,0,0,0,1,0,0,0,0,0,0,0,0,1,1,1,0,0,1,0,0,0,0,0,0,NOT
4,0,0,0,0,1,0,0,0,0,0,0,0,0,1,1,1,0,0,1,0,0,0,0,0,0,NOT
5,0,0,5,0,0,0,0,0,0,0,1,0,0,1,1,1,0,0,1,0,0,0,0,0,0,LabelBox
5,0,0,4,2,0,0,0,0,0,0,0,0,0,0,2,2,0,0,1,0,0,0,0,0,0,LabelBox
6,0,0,1,1,0,0,0,0,0,0,0,0,0,0,2,3,0,0,1,0,0,0,0,0,0,LabelBox
5,0,0,2,2,0,0,0,0,0,0,1,0,0,1,0,3,0,0,0,0,0,0,0,0,0,LabelBox
2,5,2,2,0,0,0,0,0,0,1,1,0,0,0,0,0,0,0,0,0,0,0,0,0,0,AND
3,0,8,0,1,0,0,0,0,0,0,2,1,0,0,0,0,0,0,0,0,0,0,0,0,0,OR
2,0,0,0,0,0,0,1,0,0,1,0,0,0,1,0,0,0,0,0,0,0,0,0,0,0,NOTBUBBLE
5,0,0,2,1,0,0,0,0,0,0,1,0,0,0,2,1,0,0,1,0,0,0,0,0,0,LabelBox
5,0,0,3,0,0,0,0,0,0,0,0,0,0,0,1,2,0,0,2,0,0,0,0,0,0,LabelBox
5,0,0,2,2,0,0,0,0,0,0,0,0,0,0,2,1,0,0,2,0,0,0,0,0,0,LabelBox
2,5,1,2,0,0,0,0,0,0,1,1,0,0,0,0,0,0,0,0,0,0,0,0,0,0,AND
3,9,0,1,0,0,0,0,0,0,1,2,0,0,0,0,0,0,0,0,0,0,0,0,0,0,AND
3,0,7,0,2,0,0,0,0,0,0,2,1,0,0,0,0,0,0,0,0,0,0,0,0,0,OR
1,0,0,0,0,0,1,0,0,0,0,0,0,0,1,0,0,0,0,0,0,0,0,0,0,0,NOTBUBBLE
2,5,0,3,0,0,0,0,0,0,1,1,0,0,0,0,0,0,0,0,0,0,0,0,0,0,AND
5,1,0,1,1,0,0,0,0,0,0,1,0,0,0,1,3,0,0,0,0,0,0,0,0,0,LabelBox
4,0,5,0,3,0,0,0,0,0,0,2,1,0,1,0,0,0,0,0,0,0,0,0,0,0,NOR
5,0,1,0,0,0,0,6,0,0,0,3,1,0,0,0,0,0,0,1,0,0,0,0,0,0,XOR
4,0,0,8,0,0,0,0,0,0,0,2,0,0,1,0,1,0,0,0,0,0,0,0,0,0,NAND
3,1,6,0,1,0,0,0,0,0,0,2,1,0,0,0,0,0,0,0,0,0,0,0,0,0,OR
5,1,0,1,3,0,0,0,0,0,0,1,0,0,0,2,2,0,0,0,0,0,0,0,0,0,LabelBox
5,1,0,0,1,0,0,0,0,0,0,1,0,0,0,1,3,0,0,0,0,0,0,0,0,0,LabelBox
6,1,0,0,1,0,0,1,0,0,0,0,0,0,0,1,4,0,0,1,0,0,0,0,0,0,LabelBox
2,8,0,1,0,0,0,0,0,0,1,1,0,0,0,0,0,0,0,0,0,0,0,0,0,0,AND
6,0,0,0,1,0,0,0,0,0,1,1,0,0,1,1,1,0,0,1,0,0,0,0,0,0,LabelBox
4,0,1,0,0,0,0,7,0,0,0,1,0,2,1,0,0,0,0,0,0,0,0,0,0,0,XOR
4,0,0,0,0,2,0,0,0,1,0,0,0,0,2,0,1,0,0,0,0,0,0,0,0,0,NOT
2,10,0,0,0,0,0,0,0,0,0,0,0,0,2,0,0,0,0,0,0,0,0,0,0,0,AND
4,0,0,0,9,0,0,0,0,0,0,0,0,2,2,0,0,0,0,0,0,0,0,0,0,0,NOR
3,0,8,0,0,0,0,0,0,0,0,1,0,2,0,0,0,0,0,0,0,0,0,0,0,0,OR
4,0,0,0,0,5,0,0,0,0,0,0,0,0,3,0,1,0,0,0,0,0,0,0,0,0,NOT
3,0,0,3,1,0,0,0,0,1,0,0,0,0,2,0,0,0,0,0,0,0,0,0,0,0,NAND
5,10,0,0,0,0,0,0,0,1,0,0,0,0,0,0,2,0,0,2,0,0,0,0,0,0,LabelBox
2,8,0,1,0,0,0,0,0,0,0,0,0,0,1,0,0,0,0,1,0,0,0,0,0,0,LabelBox
2,0,0,6,0,0,0,0,0,0,0,0,0,0,1,0,0,0,0,1,0,0,0,0,0,0,LabelBox
2,9,0,0,1,0,0,0,0,0,0,0,0,0,1,0,0,0,0,1,0,0,0,0,0,0,LabelBox
2,6,0,0,0,0,0,0,0,1,0,1,0,0,0,0,0,0,0,0,0,0,0,0,0,0,AND
3,5,3,0,0,0,0,0,0,1,0,0,0,1,0,0,0,0,0,1,0,0,0,0,0,0,AND
3,9,0,0,0,0,0,0,0,1,0,0,0,0,1,0,0,0,0,1,0,0,0,0,0,0,AND
3,0,10,0,0,0,0,0,0,0,0,1,0,2,0,0,0,0,0,0,0,0,0,0,0,0,OR
3,0,6,0,3,0,0,0,0,0,0,1,0,1,1,0,0,0,0,0,0,0,0,0,0,0,OR
4,0,0,0,0,0,0,9,0,0,0,2,0,2,0,0,0,0,0,0,0,0,0,0,0,0,XOR
5,9,0,0,1,0,0,0,0,1,0,0,0,0,1,0,2,0,0,1,0,0,0,0,0,0,LabelBox
4,0,0,0,0,3,0,0,0,0,0,0,0,0,1,0,1,0,0,2,0,0,0,0,0,0,NOT
4,0,0,0,0,4,0,0,0,0,0,0,0,0,1,0,0,0,0,3,0,0,0,0,0,0,NOT
4,0,0,0,0,6,0,0,0,0,0,0,0,0,2,0,1,0,0,1,0,0,0,0,0,0,NOT
5,1,0,3,0,0,0,0,0,1,0,0,0,0,1,0,2,0,0,1,0,0,0,0,0,0,LabelBox
8,1,0,0,0,0,0,0,0,1,0,0,0,0,3,0,1,0,0,3,0,0,0,0,0,0,LabelBox
5,1,0,5,0,0,0,0,0,0,0,0,0,0,2,0,2,0,0,1,0,0,0,0,0,0,LabelBox
5,5,1,0,1,0,0,0,0,1,0,0,0,0,3,0,1,0,0,0,0,0,0,0,0,0,LabelBox
4,0,4,0,4,0,0,0,0,0,0,1,0,2,1,0,0,0,0,0,0,0,0,0,0,0,NOR
2,9,0,0,0,0,1,0,0,1,0,0,0,0,1,0,0,0,0,0,0,0,0,0,0,0,AND
3,1,0,5,1,0,0,0,0,1,0,0,0,0,2,0,0,0,0,0,0,0,0,0,0,0,NAND
4,0,0,0,0,0,0,8,0,0,0,2,0,2,0,0,0,0,0,0,0,0,0,0,0,0,XOR
3,0,0,0,0,0,0,0,0,0,0,0,0,3,0,0,0,0,0,0,0,0,0,0,0,0,OR
2,0,0,7,0,0,0,0,0,1,0,0,0,0,1,0,0,0,0,0,0,0,0,0,0,0,LabelBox
2,2,0,5,0,0,0,0,0,0,0,0,0,0,1,0,0,0,0,1,0,0,0,0,0,0,LabelBox
3,1,0,4,0,0,0,0,0,0,0,0,0,1,1,0,0,0,0,1,0,0,0,0,0,0,LabelBox
2,2,0,4,0,0,0,0,0,1,0,0,0,0,1,0,0,0,0,0,0,0,0,0,0,0,LabelBox
3,0,7,0,0,0,0,0,0,0,0,1,0,2,0,0,0,0,0,0,0,0,0,0,0,0,OR
4,0,0,1,0,6,0,0,0,0,0,0,0,0,1,0,2,0,0,1,0,0,0,0,0,0,NOT
3,10,0,0,0,0,0,0,0,1,0,0,0,0,1,0,0,0,0,1,0,0,0,0,0,0,AND
2,6,0,0,0,0,0,0,0,1,0,0,0,0,1,0,0,0,0,0,0,0,0,0,0,0,AND
2,10,0,0,0,0,0,0,0,0,1,0,0,0,1,0,0,0,0,0,0,0,0,0,0,0,AND
3,0,3,0,0,0,0,0,0,0,0,0,0,3,0,0,0,0,0,0,0,0,0,0,0,0,OR
2,10,0,0,0,0,0,0,0,0,1,1,0,0,0,0,0,0,0,0,0,0,0,0,0,0,AND
5,0,0,7,0,0,0,0,0,1,0,0,0,0,1,0,3,0,0,0,0,0,0,0,0,0,LabelBox
4,0,0,0,0,1,0,0,0,0,0,0,0,0,2,0,0,0,0,2,0,0,0,0,0,0,NOT
5,0,0,6,0,1,0,0,0,0,0,0,0,0,2,0,1,0,0,2,0,0,0,0,0,0,LabelBox
2,1,0,5,0,0,0,0,0,0,0,0,0,0,1,0,0,0,0,1,0,0,0,0,0,0,LabelBox
4,2,0,4,0,0,0,0,0,0,0,0,0,2,0,0,0,0,0,2,0,0,0,0,0,0,LabelBox
4,0,0,0,0,0,0,0,0,0,0,0,0,0,0,0,0,0,0,4,0,0,0,0,0,0,LabelBox
3,3,0,0,1,0,0,0,0,0,0,0,0,0,0,0,0,0,0,3,0,0,0,0,0,0,LabelBox
3,1,0,0,0,0,0,0,0,0,0,0,0,0,0,0,0,0,0,3,0,0,0,0,0,0,LabelBox
3,0,0,0,6,0,0,0,0,0,0,0,0,0,0,0,0,0,0,3,0,0,0,0,0,0,NOR
4,0,0,0,0,0,0,6,0,0,0,0,0,0,0,0,0,0,0,4,0,0,0,0,0,0,XOR
2,0,0,1,0,0,0,0,0,0,0,0,0,0,0,0,0,0,0,2,0,0,0,0,0,0,AND
3,0,0,0,0,3,0,0,0,0,0,0,0,0,0,0,0,0,0,3,0,0,0,0,0,0,NOT
2,0,5,0,0,0,0,0,0,0,0,0,0,0,0,0,0,0,0,2,0,0,0,0,0,0,OR
3,0,0,2,0,0,0,0,0,0,0,0,0,0,0,0,0,0,0,3,0,0,0,0,0,0,NAND
3,0,0,0,0,9,0,0,0,0,0,0,0,0,0,0,0,0,0,3,0,0,0,0,0,0,NOT
2,0,0,2,0,0,0,0,0,0,0,0,0,0,0,0,0,0,0,2,0,0,0,0,0,0,LabelBox
2,2,0,2,0,0,0,0,0,0,0,0,0,0,0,0,0,0,0,2,0,0,0,0,0,0,AND
2,4,0,2,0,0,0,0,0,0,0,0,0,0,0,0,0,0,0,2,0,0,0,0,0,0,AND
2,7,0,0,0,0,0,0,0,0,0,0,0,0,0,0,0,0,0,2,0,0,0,0,0,0,AND
3,0,0,0,0,0,0,0,0,0,0,0,0,0,0,0,0,0,0,3,0,0,0,0,0,0,LabelBox
3,2,0,1,0,0,0,0,0,0,0,0,0,0,0,0,0,0,0,3,0,0,0,0,0,0,LabelBox
1,0,0,0,0,0,0,0,0,0,0,0,0,0,0,0,0,0,0,1,0,0,0,0,0,0,LabelBox
3,0,0,2,0,0,0,0,0,0,0,0,0,0,0,0,0,0,0,3,0,0,0,0,0,0,LabelBox
3,0,0,0,0,10,0,0,0,0,0,0,0,0,0,0,0,0,0,3,0,0,0,0,0,0,NOT
3,0,1,0,0,8,0,0,0,0,0,0,0,0,0,0,0,0,0,3,0,0,0,0,0,0,NOT
3,0,0,0,0,8,0,0,0,0,0,0,0,0,0,0,0,0,0,3,0,0,0,0,0,0,NOT
2,0,8,0,0,0,0,0,0,0,0,0,0,0,0,0,0,0,0,2,0,0,0,0,0,0,OR
2,0,4,0,1,0,0,0,0,0,0,0,0,0,0,0,0,0,0,2,0,0,0,0,0,0,OR
3,0,0,0,0,0,0,7,0,0,0,0,0,0,0,0,0,0,0,3,0,0,0,0,0,0,XOR
2,0,0,2,0,0,0,0,0,0,0,0,0,0,0,0,0,0,0,2,0,0,0,0,0,0,LabelBox
2,8,0,0,0,1,0,0,0,0,0,0,0,0,0,0,0,0,0,2,0,0,0,0,0,0,AND
2,0,0,2,0,0,0,0,0,0,0,0,0,0,0,0,0,0,0,2,0,0,0,0,0,0,LabelBox
3,0,0,0,0,0,0,0,0,0,0,0,0,0,0,0,0,0,0,3,0,0,0,0,0,0,LabelBox
3,3,0,1,0,1,0,0,0,0,0,0,0,0,0,0,0,0,0,3,0,0,0,0,0,0,LabelBox
1,0,0,0,0,0,0,0,0,0,0,0,0,0,0,0,0,0,0,1,0,0,0,0,0,0,LabelBox
3,0,0,0,0,0,0,0,0,0,0,0,0,0,0,0,0,0,0,3,0,0,0,0,0,0,NOT
2,9,0,0,0,0,0,0,0,0,0,0,0,0,0,0,0,0,0,2,0,0,0,0,0,0,AND
1,0,7,0,0,0,0,0,0,0,0,0,0,0,0,0,0,0,0,1,0,0,0,0,0,0,OR
3,0,0,7,0,0,0,0,0,0,0,0,0,0,0,0,0,0,0,3,0,0,0,0,0,0,NAND
2,7,0,0,0,0,0,0,0,0,0,0,0,0,0,0,0,0,0,2,0,0,0,0,0,0,AND
1,0,8,0,0,0,0,1,0,0,0,0,0,0,0,0,0,0,0,1,0,0,0,0,0,0,OR
3,2,0,2,0,2,0,0,0,0,0,0,0,0,0,0,0,0,0,3,0,0,0,0,0,0,LabelBox
3,0,0,1,0,0,0,0,0,0,0,0,0,0,0,0,0,0,0,3,0,0,0,0,0,0,LabelBox
3,3,0,0,0,2,0,0,0,0,0,0,0,0,0,0,0,0,0,3,0,0,0,0,0,0,LabelBox
2,9,0,0,0,1,0,0,0,0,0,0,0,0,0,0,0,0,0,2,0,0,0,0,0,0,AND
2,0,1,0,0,0,0,0,0,0,0,0,0,0,0,0,0,0,0,2,0,0,0,0,0,0,OR
3,0,0,0,0,5,0,0,0,0,0,0,0,0,0,0,0,0,0,3,0,0,0,0,0,0,NOT
4,0,0,0,0,0,0,6,0,0,0,0,0,0,0,0,0,0,0,4,0,0,0,0,0,0,XOR
4,0,0,7,0,0,0,0,0,0,0,0,0,0,0,0,0,0,0,4,0,0,0,0,0,0,NAND
1,0,0,0,0,0,0,0,0,0,0,0,0,0,0,0,0,0,0,1,0,0,0,0,0,0,OR
4,0,0,0,0,0,0,1,0,1,0,3,0,0,0,0,0,0,0,0,0,0,0,0,0,0,XOR
2,7,0,0,0,0,0,0,0,1,0,1,0,0,0,0,0,0,0,0,0,0,0,0,0,0,AND
3,0,0,2,0,8,0,0,0,2,0,1,0,0,0,0,0,0,0,0,0,0,0,0,0,0,NOT
2,0,1,0,0,0,0,0,0,2,0,0,0,0,0,0,0,0,0,0,0,0,0,0,0,0,NOR
2,1,5,0,0,0,0,0,0,0,0,2,0,0,0,0,0,0,0,0,0,0,0,0,0,0,OR
3,1,0,1,0,0,0,0,0,2,0,1,0,0,0,0,0,0,0,0,0,0,0,0,0,0,NAND
4,0,0,0,0,1,0,0,0,2,0,1,0,0,0,0,0,0,0,0,1,0,0,0,0,0,NOT
2,7,0,0,0,0,0,0,0,2,0,0,0,0,0,0,0,0,0,0,0,0,0,0,0,0,AND
3,0,0,6,0,2,0,0,0,3,0,0,0,0,0,0,0,0,0,0,0,0,0,0,0,0,NOT
2,2,0,0,0,1,0,0,0,2,0,0,0,0,0,0,0,0,0,0,0,0,0,0,0,0,AND
4,0,0,0,0,0,0,0,0,3,0,1,0,0,0,0,0,0,0,0,0,0,0,0,0,0,NOT
2,4,0,0,0,0,1,0,0,1,0,1,0,0,0,0,0,0,0,0,0,0,0,0,0,0,AND
3,0,0,3,0,0,0,0,0,3,0,0,0,0,0,0,0,0,0,0,0,0,0,0,0,0,NOT
2,0,4,0,0,0,0,1,0,2,0,0,0,0,0,0,0,0,0,0,0,0,0,0,0,0,OR
2,0,5,0,0,0,0,0,0,0,0,2,0,0,0,0,0,0,0,0,0,0,0,0,0,0,OR
3,0,0,0,0,0,0,4,0,0,0,3,0,0,0,0,0,0,0,0,0,0,0,0,0,0,XOR
2,6,0,0,0,0,0,0,0,0,0,2,0,0,0,0,0,0,0,0,0,0,0,0,0,0,AND
2,0,2,0,0,0,0,0,0,2,0,0,0,0,0,0,0,0,0,0,0,0,0,0,0,0,NOR
3,0,0,2,0,0,0,0,0,2,0,1,0,0,0,0,0,0,0,0,0,0,0,0,0,0,NAND
3,0,0,0,0,0,0,6,0,0,0,3,0,0,0,0,0,0,0,0,0,0,0,0,0,0,XOR
1,0,1,0,0,0,0,0,0,1,0,0,0,0,0,0,0,0,0,0,0,0,0,0,0,0,OR
3,0,0,5,0,5,0,0,0,3,0,0,0,0,0,0,0,0,0,0,0,0,0,0,0,0,NOT
1,0,9,0,0,0,0,0,0,1,0,0,0,0,0,0,0,0,0,0,0,0,0,0,0,0,OR
2,4,0,0,0,0,0,0,0,2,0,0,0,0,0,0,0,0,0,0,0,0,0,0,0,0,AND
2,7,0,0,0,0,0,0,0,1,0,1,0,0,0,0,0,0,0,0,0,0,0,0,0,0,AND
3,0,0,2,0,8,0,0,0,3,0,0,0,0,0,0,0,0,0,0,0,0,0,0,0,0,NOT
2,3,0,0,0,1,0,0,0,1,0,1,0,0,0,0,0,0,0,0,0,0,0,0,0,0,AND
2,1,0,1,0,2,0,0,0,0,0,2,0,0,0,0,0,0,0,0,0,0,0,0,0,0,AND
1,0,2,0,0,0,0,0,0,1,0,0,0,0,0,0,0,0,0,0,0,0,0,0,0,0,OR
4,0,0,0,0,0,0,10,0,0,2,0,1,1,0,0,0,0,0,0,0,0,0,0,0,0,XOR
3,0,0,0,0,8,0,0,0,0,1,1,0,0,1,0,0,0,0,0,0,0,0,0,0,0,NOT
3,5,1,0,0,0,0,0,0,0,1,1,0,0,0,0,0,0,0,1,0,0,0,0,0,0,AND
6,0,0,1,4,1,0,0,0,0,1,1,2,0,2,0,0,0,0,0,0,0,0,0,0,0,NOR
3,0,3,0,4,0,0,0,0,0,0,1,1,1,0,0,0,0,0,0,0,0,0,0,0,0,OR
3,0,0,0,0,8,0,0,0,0,2,0,0,0,1,0,0,0,0,0,0,0,0,0,0,0,NOT
2,10,0,0,0,0,0,0,0,0,1,1,0,0,0,0,0,0,0,0,0,0,0,0,0,0,AND
2,7,0,0,0,0,0,0,0,0,1,1,0,0,0,0,0,0,0,0,0,0,0,0,0,0,AND
4,0,0,2,1,4,0,0,0,0,1,1,0,0,1,0,0,0,0,1,0,0,0,0,0,0,NOT
2,9,0,0,0,0,0,0,0,0,1,1,0,0,0,0,0,0,0,0,0,0,0,0,0,0,AND
3,0,0,1,0,7,0,0,0,1,1,0,0,0,1,0,0,0,0,0,0,0,0,0,0,0,NOT
2,7,0,0,0,0,0,0,0,0,1,1,0,0,0,0,0,0,0,0,0,0,0,0,0,0,AND
3,0,0,1,1,7,0,0,0,1,1,0,0,0,1,0,0,0,0,0,0,0,0,0,0,0,NOT
3,0,6,0,0,0,0,0,0,0,1,0,1,1,0,0,0,0,0,0,0,0,0,0,0,0,OR
3,0,6,0,0,0,0,0,0,0,1,1,1,0,0,0,0,0,0,0,0,0,0,0,0,0,OR
4,0,0,0,0,0,0,10,0,0,2,0,1,1,0,0,0,0,0,0,0,0,0,0,0,0,XOR
2,4,0,0,0,0,0,0,0,0,1,1,0,0,0,0,0,0,0,0,0,0,0,0,0,0,AND
3,0,5,1,1,0,0,0,0,0,2,0,1,0,0,0,0,0,0,0,0,0,0,0,0,0,OR
1,0,0,0,0,0,3,0,0,0,0,0,0,0,1,0,0,0,0,0,0,0,0,0,0,0,NOTBUBBLE
2,8,0,0,0,0,0,0,0,0,1,1,0,0,0,0,0,0,0,0,0,0,0,0,0,0,AND
1,0,0,0,0,0,7,0,0,0,0,0,0,0,1,0,0,0,0,0,0,0,0,0,0,0,NOTBUBBLE
2,7,0,0,0,0,0,0,0,0,2,0,0,0,0,0,0,0,0,0,0,0,0,0,0,0,AND
4,0,9,0,0,0,0,0,0,0,2,1,0,0,0,0,0,0,0,1,0,0,0,0,0,0,OR
2,1,2,0,0,0,0,0,0,0,2,0,0,0,0,0,0,0,0,0,0,0,0,0,0,0,AND
4,0,0,0,0,0,0,0,0,0,2,1,0,0,0,0,0,0,1,0,0,0,0,0,0,0,AND
4,0,0,0,6,2,0,0,0,0,1,0,1,1,1,0,0,0,0,0,0,0,0,0,0,0,NOR
5,0,0,0,0,0,0,7,0,0,2,0,1,1,0,0,0,0,0,1,0,0,0,0,0,0,XOR
4,0,0,0,0,0,0,0,0,0,1,1,0,0,1,0,0,0,1,0,0,0,0,0,0,0,NAND
3,0,5,0,0,0,0,0,0,0,1,0,1,1,0,0,0,0,0,0,0,0,0,0,0,0,OR
4,0,0,0,0,0,0,6,0,1,1,0,1,1,0,0,0,0,0,0,0,0,0,0,0,0,XOR
2,9,0,0,0,0,1,0,0,1,1,0,0,0,0,0,0,0,0,0,0,0,0,0,0,0,AND
3,0,0,0,1,6,0,0,0,1,1,0,0,0,1,0,0,0,0,0,0,0,0,0,0,0,NOT
4,0,0,1,8,0,0,0,0,0,1,0,1,2,0,0,0,0,0,0,0,0,0,0,0,0,NOR
3,3,5,0,0,0,0,0,0,0,1,0,1,1,0,0,0,0,0,0,0,0,0,0,0,0,OR
3,0,0,4,0,0,0,0,0,1,1,0,0,0,1,0,0,0,0,0,0,0,0,0,0,0,NAND
2,8,0,0,0,0,1,0,0,1,1,0,0,0,0,0,0,0,0,0,0,0,0,0,0,0,AND
3,0,0,0,0,10,0,0,0,0,1,0,0,1,0,0,0,0,0,0,1,0,0,0,0,0,NOT
3,0,0,0,0,0,0,0,0,1,1,0,0,1,0,0,0,0,0,0,0,0,0,0,0,0,AND
3,0,0,6,0,0,0,0,0,1,1,0,0,0,0,0,0,0,0,0,1,0,0,0,0,0,NOT
2,5,0,0,0,0,3,0,0,1,1,0,0,0,0,0,0,0,0,0,0,0,0,0,0,0,AND
3,0,0,0,0,7,0,0,0,1,1,0,0,0,1,0,0,0,0,0,0,0,0,0,0,0,NOT
3,1,8,0,0,0,0,0,0,0,1,0,1,1,0,0,0,0,0,0,0,0,0,0,0,0,OR
3,0,9,0,0,0,0,0,0,1,0,0,1,1,0,0,0,0,0,0,0,0,0,0,0,0,OR
4,0,0,0,0,0,0,3,0,0,2,0,1,1,0,0,0,0,0,0,0,0,0,0,0,0,XOR
2,9,0,0,0,0,0,0,0,1,1,0,0,0,0,0,0,0,0,0,0,0,0,0,0,0,AND
4,0,0,0,8,0,0,0,0,0,1,0,1,1,1,0,0,0,0,0,0,0,0,0,0,0,NOR
3,0,0,0,0,10,0,0,0,0,1,0,0,0,1,0,0,0,0,0,1,0,0,0,0,0,NOT
4,0,0,0,0,0,0,7,0,0,2,0,1,1,0,0,0,0,0,0,0,0,0,0,0,0,XOR
3,1,7,0,0,0,0,0,0,0,1,0,1,1,0,0,0,0,0,0,0,0,0,0,0,0,OR
3,5,1,0,0,0,1,0,0,1,1,0,1,0,0,0,0,0,0,0,0,0,0,0,0,0,AND
3,0,2,0,3,0,0,0,0,1,0,0,1,1,0,0,0,0,0,0,0,0,0,0,0,0,OR
3,0,0,0,0,10,0,0,0,0,0,0,0,1,0,0,0,0,0,0,2,0,0,0,0,0,NOT
3,5,4,0,0,0,1,0,0,1,1,0,0,0,1,0,0,0,0,0,0,0,0,0,0,0,AND
2,0,0,0,0,0,0,0,0,0,0,0,0,0,1,0,0,0,0,0,1,0,0,0,0,0,NOT
2,2,0,0,0,0,2,0,0,1,1,0,0,0,0,0,0,0,0,0,0,0,0,0,0,0,AND
3,2,5,0,0,0,0,0,0,0,1,0,1,1,0,0,0,0,0,0,0,0,0,0,0,0,OR
2,8,0,0,0,0,2,0,0,0,2,0,0,0,0,0,0,0,0,0,0,0,0,0,0,0,AND
5,0,0,1,0,2,0,0,0,0,0,1,0,1,0,0,0,0,0,3,0,0,0,0,0,0,LabelBox
8,0,0,0,0,0,0,0,0,1,0,0,0,0,0,0,0,0,0,7,0,0,0,0,0,0,LabelBox
9,0,0,0,1,0,0,0,0,1,0,0,0,3,0,0,0,0,0,5,0,0,0,0,0,0,LabelBox
3,0,0,0,0,0,0,8,0,0,2,1,0,0,0,0,0,0,0,0,0,0,0,0,0,0,XOR
3,0,0,0,0,8,0,0,0,1,1,0,0,0,1,0,0,0,0,0,0,0,0,0,0,0,NOT
2,9,0,0,0,0,0,0,0,1,1,0,0,0,0,0,0,0,0,0,0,0,0,0,0,0,AND
3,0,1,0,4,0,0,0,0,0,2,0,0,0,1,0,0,0,0,0,0,0,0,0,0,0,NOR
2,0,2,0,0,0,0,0,0,0,1,1,0,0,0,0,0,0,0,0,0,0,0,0,0,0,OR
4,0,0,0,0,6,0,0,0,1,0,0,0,2,1,0,0,0,0,0,0,0,0,0,0,0,NOT
3,0,0,5,0,0,0,0,0,0,1,1,0,0,1,0,0,0,0,0,0,0,0,0,0,0,NAND
4,0,0,0,0,0,0,0,0,1,0,0,0,3,0,0,0,0,0,0,0,0,0,0,0,0,LabelBox
6,0,0,2,0,0,0,0,0,0,0,1,0,2,1,0,0,0,0,2,0,0,0,0,0,0,LabelBox
6,0,0,2,0,0,0,0,0,0,0,1,0,0,0,0,0,0,0,5,0,0,0,0,0,0,LabelBox
5,1,0,3,0,0,0,0,0,0,0,2,0,2,0,0,0,0,0,1,0,0,0,0,0,0,LabelBox
5,0,0,6,0,0,0,0,0,1,0,0,0,1,0,0,0,0,0,3,0,0,0,0,0,0,LabelBox
2,8,0,0,0,0,0,0,0,0,1,1,0,0,0,0,0,0,0,0,0,0,0,0,0,0,AND
3,0,0,0,0,6,0,0,0,0,1,1,0,0,1,0,0,0,0,0,0,0,0,0,0,0,NOT
2,7,0,1,0,0,0,0,0,1,1,0,0,0,0,0,0,0,0,0,0,0,0,0,0,0,AND
4,0,0,0,0,8,0,0,0,0,0,1,0,1,1,1,0,0,0,0,0,0,0,0,0,0,NOT
2,6,0,2,0,0,0,0,0,1,1,0,0,0,0,0,0,0,0,0,0,0,0,0,0,0,AND
4,0,0,0,0,8,0,0,0,0,1,0,0,0,1,0,0,0,0,2,0,0,0,0,0,0,NOT
2,0,6,0,0,0,0,0,0,0,2,0,0,0,0,0,0,0,0,0,0,0,0,0,0,0,OR
2,0,7,0,2,0,0,0,0,0,2,0,0,0,0,0,0,0,0,0,0,0,0,0,0,0,OR
3,0,0,0,0,0,0,2,0,0,3,0,0,0,0,0,0,0,0,0,0,0,0,0,0,0,XOR
5,0,0,0,0,2,0,0,0,1,0,0,0,3,0,0,0,0,0,1,0,0,0,0,0,0,LabelBox
3,0,0,3,0,0,0,0,0,0,1,1,0,0,1,0,0,0,0,0,0,0,0,0,0,0,AND
2,0,0,0,0,0,0,0,0,0,1,1,0,0,0,0,0,0,0,0,0,0,0,0,0,0,OR
5,0,0,0,0,0,0,0,0,0,3,0,0,0,2,0,0,0,0,0,0,0,0,0,0,0,OR
2,0,0,1,0,0,0,0,0,1,0,1,0,0,0,0,0,0,0,0,0,0,0,0,0,0,AND
1,0,0,0,0,0,7,0,0,0,0,0,0,0,1,0,0,0,0,0,0,0,0,0,0,0,NOTBUBBLE
5,0,0,0,0,0,0,0,0,1,2,0,0,0,0,0,0,0,0,2,0,0,0,0,0,0,AND
1,0,0,0,0,0,0,0,0,0,0,0,0,0,1,0,0,0,0,0,0,0,0,0,0,0,NOTBUBBLE
2,1,0,4,0,0,0,0,0,1,1,0,0,0,0,0,0,0,0,0,0,0,0,0,0,0,AND
3,0,0,8,0,0,0,0,0,0,1,1,0,0,1,0,0,0,0,0,0,0,0,0,0,0,NAND
2,0,0,0,0,0,0,0,0,1,1,0,0,0,0,0,0,0,0,0,0,0,0,0,0,0,AND
1,0,0,0,0,0,0,0,0,0,0,0,0,0,1,0,0,0,0,0,0,0,0,0,0,0,NOTBUBBLE
3,0,0,0,1,0,0,6,0,0,3,0,0,0,0,0,0,0,0,0,0,0,0,0,0,0,XOR
3,0,0,0,0,0,0,0,0,0,1,1,0,0,1,0,0,0,0,0,0,0,0,0,0,0,OR
5,0,0,2,0,0,0,0,0,1,0,0,0,0,0,0,0,0,0,0,4,0,0,0,0,0,LabelBox
5,0,0,6,0,0,0,0,0,1,0,0,0,0,0,0,0,0,0,0,4,0,0,0,0,0,LabelBox
5,0,0,5,0,0,0,0,0,1,0,0,0,0,0,0,0,0,0,0,4,0,0,0,0,0,LabelBox
3,0,0,0,0,0,0,0,0,3,0,0,0,0,0,0,0,0,0,0,0,0,0,0,0,0,XOR
4,0,0,0,0,7,0,0,0,3,0,0,0,0,0,0,0,0,0,0,1,0,0,0,0,0,NOT
2,7,0,0,0,0,1,0,0,2,0,0,0,0,0,0,0,0,0,0,0,0,0,0,0,0,AND
3,1,0,1,0,0,0,0,0,3,0,0,0,0,0,0,0,0,0,0,0,0,0,0,0,0,NOR
2,0,0,0,0,0,0,0,0,2,0,0,0,0,0,0,0,0,0,0,0,0,0,0,0,0,OR
3,0,0,0,0,4,0,0,0,3,0,0,0,0,0,0,0,0,0,0,0,0,0,0,0,0,NOT
3,1,0,4,0,0,0,0,0,3,0,0,0,0,0,0,0,0,0,0,0,0,0,0,0,0,NAND
1,0,0,2,0,0,0,0,0,1,0,0,0,0,0,0,0,0,0,0,0,0,0,0,0,0,LabelBox
4,0,0,1,0,1,0,0,0,2,0,0,0,0,0,0,0,0,0,0,2,0,0,0,0,0,LabelBox
3,0,2,0,0,0,0,0,0,3,0,0,0,0,0,0,0,0,0,0,0,0,0,0,0,0,XOR
2,0,0,0,0,0,0,0,0,2,0,0,0,0,0,0,0,0,0,0,0,0,0,0,0,0,OR
2,0,0,0,0,0,0,0,0,2,0,0,0,0,0,0,0,0,0,0,0,0,0,0,0,0,OR
2,8,0,0,0,0,0,0,0,2,0,0,0,0,0,0,0,0,0,0,0,0,0,0,0,0,AND
3,8,0,0,0,0,1,0,0,2,0,0,0,0,0,0,0,0,0,0,1,0,0,0,0,0,AND
2,3,0,0,0,0,3,0,0,2,0,0,0,0,0,0,0,0,0,0,0,0,0,0,0,0,AND
3,0,0,0,0,1,0,0,0,3,0,0,0,0,0,0,0,0,0,0,0,0,0,0,0,0,NOT
3,0,0,0,0,8,0,0,0,3,0,0,0,0,0,0,0,0,0,0,0,0,0,0,0,0,NOT
3,0,0,0,0,5,0,0,0,3,0,0,0,0,0,0,0,0,0,0,0,0,0,0,0,0,NOT
2,0,0,6,0,0,0,0,0,2,0,0,0,0,0,0,0,0,0,0,0,0,0,0,0,0,LabelBox
4,1,0,3,0,0,1,0,0,4,0,0,0,0,0,0,0,0,0,0,0,0,0,0,0,0,LabelBox
2,1,0,1,0,0,0,0,0,2,0,0,0,0,0,0,0,0,0,0,0,0,0,0,0,0,LabelBox
1,0,0,1,0,0,0,0,0,1,0,0,0,0,0,0,0,0,0,0,0,0,0,0,0,0,LabelBox
4,0,0,6,0,0,0,0,0,2,0,0,0,0,0,0,0,0,0,0,2,0,0,0,0,0,LabelBox
4,0,0,5,0,0,0,0,0,2,0,0,0,0,0,0,0,0,0,0,2,0,0,0,0,0,LabelBox
2,0,0,5,0,0,0,0,0,2,0,0,0,0,0,0,0,0,0,0,0,0,0,0,0,0,LabelBox
2,0,0,4,0,0,0,0,0,2,0,0,0,0,0,0,0,0,0,0,0,0,0,0,0,0,LabelBox
2,0,0,0,0,0,0,0,0,2,0,0,0,0,0,0,0,0,0,0,0,0,0,0,0,0,OR
3,0,0,8,0,1,0,0,0,3,0,0,0,0,0,0,0,0,0,0,0,0,0,0,0,0,NAND
2,4,0,0,0,0,1,0,0,2,0,0,0,0,0,0,0,0,0,0,0,0,0,0,0,0,AND
3,0,0,6,0,0,0,0,0,3,0,0,0,0,0,0,0,0,0,0,0,0,0,0,0,0,NAND
3,0,3,0,1,0,0,5,0,3,0,0,0,0,0,0,0,0,0,0,0,0,0,0,0,0,XOR
2,0,0,4,0,0,0,0,0,2,0,0,0,0,0,0,0,0,0,0,0,0,0,0,0,0,LabelBox
2,0,0,4,0,0,0,0,0,2,0,0,0,0,0,0,0,0,0,0,0,0,0,0,0,0,LabelBox
2,0,0,2,0,0,0,0,0,2,0,0,0,0,0,0,0,0,0,0,0,0,0,0,0,0,LabelBox
2,1,0,4,0,0,0,0,0,2,0,0,0,0,0,0,0,0,0,0,0,0,0,0,0,0,LabelBox
2,7,0,0,0,0,3,0,0,2,0,0,0,0,0,0,0,0,0,0,0,0,0,0,0,0,AND
3,0,0,0,0,9,0,0,0,3,0,0,0,0,0,0,0,0,0,0,0,0,0,0,0,0,NOT
2,6,0,0,0,0,3,0,0,2,0,0,0,0,0,0,0,0,0,0,0,0,0,0,0,0,AND
2,0,0,0,0,0,0,0,0,2,0,0,0,0,0,0,0,0,0,0,0,0,0,0,0,0,OR
2,7,0,0,0,0,1,0,0,2,0,0,0,0,0,0,0,0,0,0,0,0,0,0,0,0,AND
1,4,0,0,0,0,3,0,0,1,0,0,0,0,0,0,0,0,0,0,0,0,0,0,0,0,NOTBUBBLE
2,7,0,0,0,0,0,0,0,2,0,0,0,0,0,0,0,0,0,0,0,0,0,0,0,0,AND
2,0,0,0,0,0,0,0,0,2,0,0,0,0,0,0,0,0,0,0,0,0,0,0,0,0,OR
5,2,0,0,0,0,0,0,0,1,0,1,0,0,3,0,0,0,0,0,0,0,0,0,0,0,LabelBox
4,0,0,0,0,0,0,5,0,2,0,0,0,0,2,0,0,0,0,0,0,0,0,0,0,0,XOR
4,2,0,0,0,0,1,0,0,2,0,0,0,0,2,0,0,0,0,0,0,0,0,0,0,0,LabelBox
2,2,0,0,0,0,1,0,0,1,0,0,0,0,1,0,0,0,0,0,0,0,0,0,0,0,AND
4,0,0,1,0,0,0,0,0,1,0,0,0,0,3,0,0,0,0,0,0,0,0,0,0,0,NOR
1,0,0,1,0,0,1,0,0,0,0,0,0,0,1,0,0,0,0,0,0,0,0,0,0,0,NOTBUBBLE
1,0,0,0,0,0,0,0,0,0,0,0,0,0,1,0,0,0,0,0,0,0,0,0,0,0,NOTBUBBLE
3,4,0,0,0,0,0,0,0,1,0,0,0,0,2,0,0,0,0,0,0,0,0,0,0,0,LabelBox
3,0,0,2,1,0,0,0,0,1,0,0,0,0,2,0,0,0,0,0,0,0,0,0,0,0,OR
3,0,0,1,0,6,0,0,0,1,0,0,0,0,2,0,0,0,0,0,0,0,0,0,0,0,NAND
1,0,0,0,0,0,2,0,0,0,0,0,0,0,1,0,0,0,0,0,0,0,0,0,0,0,NOTBUBBLE
3,3,0,0,0,0,0,0,0,1,0,0,0,0,2,0,0,0,0,0,0,0,0,0,0,0,LabelBox
2,3,0,1,0,0,0,0,0,1,0,0,0,0,1,0,0,0,0,0,0,0,0,0,0,0,AND
2,0,0,1,1,2,0,0,0,0,0,0,0,0,2,0,0,0,0,0,0,0,0,0,0,0,NOT
3,0,0,0,0,0,0,0,0,1,0,0,0,0,2,0,0,0,0,0,0,0,0,0,0,0,LabelBox
4,3,0,0,0,0,0,0,0,2,0,0,0,0,2,0,0,0,0,0,0,0,0,0,0,0,LabelBox
2,9,0,0,0,0,0,0,0,1,0,0,0,0,1,0,0,0,0,0,0,0,0,0,0,0,AND
2,4,0,0,0,0,0,0,0,1,0,0,0,0,1,0,0,0,0,0,0,0,0,0,0,0,AND
4,1,0,0,0,0,0,0,0,2,0,0,0,0,2,0,0,0,0,0,0,0,0,0,0,0,LabelBox
1,0,0,1,0,0,1,0,0,0,0,0,0,0,1,0,0,0,0,0,0,0,0,0,0,0,NOTBUBBLE
1,0,0,0,0,0,1,1,0,0,0,0,0,0,1,0,0,0,0,0,0,0,0,0,0,0,NOTBUBBLE
5,1,0,0,0,0,0,0,0,1,0,0,0,0,4,0,0,0,0,0,0,0,0,0,0,0,LabelBox
3,1,0,0,0,0,0,0,0,1,0,0,0,0,2,0,0,0,0,0,0,0,0,0,0,0,OR
3,1,0,0,0,0,0,0,0,1,0,0,0,0,2,0,0,0,0,0,0,0,0,0,0,0,OR
4,0,0,0,0,0,0,7,0,2,0,0,0,0,2,0,0,0,0,0,0,0,0,0,0,0,XOR
4,0,0,0,0,0,0,0,0,1,0,0,0,0,3,0,0,0,0,0,0,0,0,0,0,0,LabelBox
3,0,0,0,0,0,0,0,0,1,0,0,0,0,2,0,0,0,0,0,0,0,0,0,0,0,LabelBox
3,2,0,0,0,0,2,0,0,1,0,0,0,0,2,0,0,0,0,0,0,0,0,0,0,0,LabelBox
4,1,0,3,0,0,0,0,0,2,0,0,0,0,2,0,0,0,0,0,0,0,0,0,0,0,LabelBox
2,4,0,1,0,0,0,0,0,1,0,0,0,0,1,0,0,0,0,0,0,0,0,0,0,0,AND
2,0,3,0,1,0,0,0,0,1,0,0,0,0,1,0,0,0,0,0,0,0,0,0,0,0,OR
1,1,0,0,0,0,4,0,0,0,0,0,0,0,1,0,0,0,0,0,0,0,0,0,0,0,NOTBUBBLE
2,2,0,1,0,0,0,0,0,1,0,0,0,0,1,0,0,0,0,0,0,0,0,0,0,0,AND
2,5,0,0,0,0,0,0,0,1,0,0,0,0,1,0,0,0,0,0,0,0,0,0,0,0,AND
1,0,0,0,0,0,1,0,0,0,0,0,0,0,1,0,0,0,0,0,0,0,0,0,0,0,NOTBUBBLE
2,0,8,0,0,0,0,0,0,1,0,0,0,0,1,0,0,0,0,0,0,0,0,0,0,0,OR
3,6,0,1,0,0,1,0,0,2,0,0,0,0,1,0,0,0,0,0,0,0,0,0,0,0,AND
4,4,0,0,0,0,0,0,0,2,0,0,0,0,2,0,0,0,0,0,0,0,0,0,0,0,LabelBox
3,3,0,0,0,0,1,0,0,1,0,0,0,0,2,0,0,0,0,0,0,0,0,0,0,0,LabelBox
4,6,0,0,0,0,0,0,0,2,0,0,0,0,2,0,0,0,0,0,0,0,0,0,0,0,LabelBox
6,5,0,0,0,0,0,0,0,2,0,0,0,0,4,0,0,0,0,0,0,0,0,0,0,0,LabelBox
2,3,0,0,0,0,1,0,0,1,0,0,0,0,1,0,0,0,0,0,0,0,0,0,0,0,AND
4,0,0,2,1,0,0,0,0,1,0,0,0,0,3,0,0,0,0,0,0,0,0,0,0,0,NOR
3,0,0,2,0,2,0,0,0,1,0,0,0,0,2,0,0,0,0,0,0,0,0,0,0,0,NAND
3,0,0,0,0,0,0,8,0,2,0,0,0,0,1,0,0,0,0,0,0,0,0,0,0,0,XOR
2,0,4,0,0,0,0,0,0,1,0,0,0,0,1,0,0,0,0,0,0,0,0,0,0,0,OR
4,1,0,0,0,1,0,0,0,1,0,0,0,0,3,0,0,0,0,0,0,0,0,0,0,0,LabelBox
4,0,2,0,1,0,0,0,0,0,0,2,1,0,1,0,0,0,0,0,0,0,0,0,0,0,XOR
2,3,0,1,0,0,0,0,0,0,0,1,0,0,0,0,0,0,1,0,0,0,0,0,0,0,AND
1,0,0,0,0,0,3,0,0,0,0,0,0,0,1,0,0,0,0,0,0,0,0,0,0,0,NOTBUBBLE
4,0,1,0,8,0,0,0,0,0,0,1,1,0,2,0,0,0,0,0,0,0,0,0,0,0,NOR
1,1,0,0,0,0,3,0,0,0,0,0,0,0,1,0,0,0,0,0,0,0,0,0,0,0,NOTBUBBLE
3,0,2,0,1,0,0,0,0,0,0,0,1,1,1,0,0,0,0,0,0,0,0,0,0,0,OR
3,0,0,0,2,2,0,0,0,0,0,1,0,0,1,0,0,0,1,0,0,0,0,0,0,0,NAND
1,0,0,2,0,0,0,0,0,0,0,0,0,0,1,0,0,0,0,0,0,0,0,0,0,0,NOTBUBBLE
2,4,0,0,0,0,0,0,0,0,0,1,0,0,1,0,0,0,0,0,0,0,0,0,0,0,AND
1,0,0,0,0,0,0,0,0,0,0,0,0,0,1,0,0,0,0,0,0,0,0,0,0,0,NOTBUBBLE
2,7,0,0,0,0,0,0,0,0,0,1,0,0,1,0,0,0,0,0,0,0,0,0,0,0,AND
1,0,0,0,0,0,0,0,0,0,0,0,0,0,1,0,0,0,0,0,0,0,0,0,0,0,NOTBUBBLE
2,7,0,0,0,0,1,0,0,1,0,0,0,0,1,0,0,0,0,0,0,0,0,0,0,0,AND
1,1,0,1,0,0,1,0,0,0,0,0,0,0,1,0,0,0,0,0,0,0,0,0,0,0,NOTBUBBLE
3,3,2,1,0,0,0,0,0,0,1,1,0,0,0,0,0,0,0,1,0,0,0,0,0,0,OR
3,0,6,0,0,0,0,0,0,0,0,2,0,1,0,0,0,0,0,0,0,0,0,0,0,0,OR
3,0,0,0,0,0,0,3,0,0,1,2,0,0,0,0,0,0,0,0,0,0,0,0,0,0,XOR
2,2,0,1,0,0,0,0,0,0,0,2,0,0,0,0,0,0,0,0,0,0,0,0,0,0,AND
4,0,0,0,3,0,0,0,0,0,0,1,1,0,2,0,0,0,0,0,0,0,0,0,0,0,NOR
3,0,0,3,1,0,0,0,0,0,0,1,0,0,2,0,0,0,0,0,0,0,0,0,0,0,NAND
4,0,0,0,0,0,0,8,0,0,0,2,1,1,0,0,0,0,0,0,0,0,0,0,0,0,XOR
3,0,6,0,0,0,0,0,0,0,0,1,1,0,1,0,0,0,0,0,0,0,0,0,0,0,OR
2,5,0,0,0,0,0,0,0,1,0,0,0,0,0,0,0,0,1,0,0,0,0,0,0,0,AND
2,0,5,0,0,0,0,0,0,0,1,1,0,0,0,0,0,0,0,0,0,0,0,0,0,0,OR
1,0,0,1,0,0,1,0,0,0,0,0,0,0,1,0,0,0,0,0,0,0,0,0,0,0,NOTBUBBLE
2,3,0,0,0,0,0,0,0,1,1,0,0,0,0,0,0,0,0,0,0,0,0,0,0,0,AND
1,0,1,0,0,0,1,0,0,0,0,0,0,0,1,0,0,0,0,0,0,0,0,0,0,0,NOTBUBBLE
2,1,0,0,0,0,0,0,0,1,1,0,0,0,0,0,0,0,0,0,0,0,0,0,0,0,AND
2,0,0,0,0,0,0,0,0,0,0,2,0,0,0,0,0,0,0,0,0,0,0,0,0,0,OR
2,4,0,0,0,0,0,0,0,0,0,1,0,0,1,0,0,0,0,0,0,0,0,0,0,0,AND
4,0,0,0,0,0,0,0,0,2,0,0,0,2,0,0,0,0,0,0,0,0,0,0,0,0,XOR
3,0,0,0,0,0,0,0,0,1,0,0,1,1,0,0,0,0,0,0,0,0,0,0,0,0,NOT
2,4,0,0,0,0,0,0,0,1,0,0,0,1,0,0,0,0,0,0,0,0,0,0,0,0,AND
4,0,1,0,3,0,0,0,0,1,0,0,1,2,0,0,0,0,0,0,0,0,0,0,0,0,NOR
3,0,3,3,1,0,0,0,0,1,0,0,1,1,0,0,0,0,0,0,0,0,0,0,0,0,OR
3,0,0,0,0,0,0,0,0,1,0,0,1,1,0,0,0,0,0,0,0,0,0,0,0,0,NOT
3,2,0,4,0,0,0,0,0,1,0,0,1,1,0,0,0,0,0,0,0,0,0,0,0,0,NAND
3,0,0,0,0,0,0,0,0,1,0,0,1,1,0,0,0,0,0,0,0,0,0,0,0,0,NOT
3,0,0,0,0,0,0,0,0,1,0,0,1,1,0,0,0,0,0,0,0,0,0,0,0,0,NOT
3,0,0,0,0,0,0,0,0,1,0,0,1,1,0,0,0,0,0,0,0,0,0,0,0,0,NOT
2,4,0,0,0,0,0,0,0,1,0,0,0,1,0,0,0,0,0,0,0,0,0,0,0,0,AND
2,7,0,0,0,0,0,0,0,1,0,0,0,1,0,0,0,0,0,0,0,0,0,0,0,0,AND
2,4,0,0,0,0,0,0,0,1,0,0,0,1,0,0,0,0,0,0,0,0,0,0,0,0,AND
3,0,4,0,0,0,0,0,0,1,0,0,0,2,0,0,0,0,0,0,0,0,0,0,0,0,OR
4,0,1,0,0,0,0,0,0,1,0,0,1,1,0,0,0,0,0,1,0,0,0,0,0,0,OR
3,0,0,0,0,0,0,3,0,2,0,0,0,1,0,0,0,0,0,0,0,0,0,0,0,0,XOR
2,2,0,0,0,0,0,0,0,2,0,0,0,0,0,0,0,0,0,0,0,0,0,0,0,0,AND
4,0,0,0,1,0,0,0,0,1,0,0,1,1,0,0,0,0,0,1,0,0,0,0,0,0,NOR
3,0,0,7,0,0,0,0,0,1,0,0,1,1,0,0,0,0,0,0,0,0,0,0,0,0,NAND
4,0,0,0,0,0,0,0,0,2,0,0,1,1,0,0,0,0,0,0,0,0,0,0,0,0,XOR
5,3,2,0,1,0,0,0,0,1,0,0,2,2,0,0,0,0,0,0,0,0,0,0,0,0,OR
3,0,1,1,0,0,0,0,0,1,0,0,1,1,0,0,0,0,0,0,0,0,0,0,0,0,NOT
3,0,0,1,0,0,0,0,0,1,0,0,1,1,0,0,0,0,0,0,0,0,0,0,0,0,NOT
3,0,0,6,0,0,0,0,0,1,0,0,1,1,0,0,0,0,0,0,0,0,0,0,0,0,NAND
3,0,4,2,0,0,0,0,0,1,0,0,0,2,0,0,0,0,0,0,0,0,0,0,0,0,OR
2,6,0,0,0,0,0,0,0,1,0,0,0,1,0,0,0,0,0,0,0,0,0,0,0,0,AND
2,1,1,0,0,0,0,0,0,2,0,0,0,0,0,0,0,0,0,0,0,0,0,0,0,0,AND
3,2,1,1,0,0,0,0,0,1,0,0,0,2,0,0,0,0,0,0,0,0,0,0,0,0,OR
2,4,0,0,0,0,0,0,0,1,0,0,0,1,0,0,0,0,0,0,0,0,0,0,0,0,AND
4,0,0,0,0,0,0,1,0,0,0,2,0,2,0,0,0,0,0,0,0,0,0,0,0,0,XOR
2,5,0,0,0,0,1,0,0,0,1,1,0,0,0,0,0,0,0,0,0,0,0,0,0,0,AND
3,0,1,0,0,2,0,0,0,1,1,0,0,0,0,0,0,0,0,0,1,0,0,0,0,0,NOT
4,0,3,0,4,0,0,0,0,0,0,1,1,1,0,0,0,0,0,0,1,0,0,0,0,0,NOR
3,1,1,0,0,0,0,0,0,0,0,1,0,1,0,0,0,0,0,0,1,0,0,0,0,0,OR
3,0,0,0,0,0,0,0,0,1,1,0,0,0,0,0,0,0,0,0,1,0,0,0,0,0,NOT
3,0,0,2,0,0,0,0,0,0,1,1,0,0,0,0,0,0,1,0,0,0,0,0,0,0,NAND
3,0,0,0,0,5,0,0,0,1,0,0,0,0,0,0,0,0,0,0,2,0,0,0,0,0,NOT
2,0,0,0,0,2,1,0,0,0,1,1,0,0,0,0,0,0,0,0,0,0,0,0,0,0,AND
3,0,1,3,0,0,0,0,0,0,0,1,0,0,0,0,0,0,0,0,2,0,0,0,0,0,OR
3,0,0,0,0,3,0,0,0,1,1,0,0,0,0,0,0,0,0,0,1,0,0,0,0,0,NOT
2,5,0,0,0,0,2,0,0,0,1,1,0,0,0,0,0,0,0,0,0,0,0,0,0,0,AND
3,0,1,0,0,0,0,0,0,1,1,0,0,0,0,0,0,0,0,0,1,0,0,0,0,0,NOT
2,3,0,0,0,0,4,0,0,0,1,1,0,0,0,0,0,0,0,0,0,0,0,0,0,0,AND
3,0,2,3,1,0,0,0,0,0,0,1,0,1,0,0,0,0,0,0,1,0,0,0,0,0,OR
4,0,0,0,0,0,0,3,0,0,1,1,0,2,0,0,0,0,0,0,0,0,0,0,0,0,XOR
2,2,0,0,0,0,1,0,0,1,1,0,0,0,0,0,0,0,0,0,0,0,0,0,0,0,AND
3,0,2,1,2,0,0,0,0,0,0,1,0,1,0,0,0,0,0,0,1,0,0,0,0,0,OR
3,0,2,0,1,0,0,0,0,1,1,0,0,0,0,0,0,0,0,0,1,0,0,0,0,0,NOT
2,4,0,0,0,0,4,0,0,0,1,1,0,0,0,0,0,0,0,0,0,0,0,0,0,0,AND
3,0,1,0,0,4,0,0,0,1,0,0,0,0,0,0,0,0,0,0,2,0,0,0,0,0,NOT
4,0,0,0,0,0,0,5,0,0,0,2,0,0,0,0,0,0,0,0,2,0,0,0,0,0,XOR
3,0,4,0,5,0,0,0,0,0,1,0,0,0,0,0,0,0,0,0,2,0,0,0,0,0,OR
3,0,2,0,5,0,0,0,0,0,1,0,0,0,0,0,0,0,0,0,2,0,0,0,0,0,OR
3,0,0,1,0,0,0,0,0,1,1,0,0,0,0,0,0,0,0,0,1,0,0,0,0,0,NOT
2,4,1,2,0,0,0,0,0,0,1,1,0,0,0,0,0,0,0,0,0,0,0,0,0,0,AND
3,0,3,0,0,0,0,0,0,0,1,1,0,1,0,0,0,0,0,0,0,0,0,0,0,0,OR
3,0,0,0,0,2,0,0,0,1,1,0,0,0,0,0,0,0,0,0,1,0,0,0,0,0,NOT
2,5,0,0,0,0,2,0,0,1,1,0,0,0,0,0,0,0,0,0,0,0,0,0,0,0,AND
2,1,0,0,0,1,1,0,0,0,1,1,0,0,0,0,0,0,0,0,0,0,0,0,0,0,AND
3,1,2,0,0,0,0,0,0,0,0,1,0,2,0,0,0,0,0,0,0,0,0,0,0,0,OR
2,3,0,0,0,0,3,0,0,0,1,1,0,0,0,0,0,0,0,0,0,0,0,0,0,0,AND
3,0,1,0,0,0,0,3,0,0,0,2,0,0,0,1,0,0,0,0,0,0,0,0,0,0,XOR
4,0,0,1,0,7,0,0,0,0,0,1,0,0,0,2,1,0,0,0,0,0,0,0,0,0,NOT
2,1,0,0,0,0,0,0,0,0,0,1,0,0,0,1,0,0,0,0,0,0,0,0,0,0,AND
3,0,0,0,9,0,0,0,0,0,0,0,0,0,1,2,0,0,0,0,0,0,0,0,0,0,NOR
2,1,1,0,0,0,0,0,0,0,0,0,0,0,0,2,0,0,0,0,0,0,0,0,0,0,OR
4,0,0,0,0,10,0,0,0,0,0,1,0,0,0,2,1,0,0,0,0,0,0,0,0,0,NOT
3,1,0,0,0,0,0,0,0,0,0,0,0,0,1,2,0,0,0,0,0,0,0,0,0,0,NAND
4,0,0,0,0,10,0,0,0,0,0,1,0,0,1,1,1,0,0,0,0,0,0,0,0,0,NOT
2,0,0,0,0,0,0,0,0,0,0,1,0,0,0,1,0,0,0,0,0,0,0,0,0,0,AND
2,2,0,0,0,0,0,0,0,0,0,1,0,0,0,1,0,0,0,0,0,0,0,0,0,0,AND
4,0,0,0,0,7,0,0,0,0,0,1,0,0,0,2,1,0,0,0,0,0,0,0,0,0,NOT
2,0,0,0,0,0,0,0,0,0,0,1,0,0,0,1,0,0,0,0,0,0,0,0,0,0,AND
4,0,0,0,0,10,0,0,0,0,0,1,0,0,1,1,1,0,0,0,0,0,0,0,0,0,NOT
2,1,0,0,0,0,0,0,0,0,0,0,0,0,0,2,0,0,0,0,0,0,0,0,0,0,OR
2,3,0,0,0,0,0,0,0,0,0,0,0,0,0,2,0,0,0,0,0,0,0,0,0,0,OR
3,0,3,0,0,0,0,5,0,0,0,1,0,0,0,2,0,0,0,0,0,0,0,0,0,0,XOR
2,2,0,0,0,0,3,0,0,0,0,0,0,0,0,0,2,0,0,0,0,0,0,0,0,0,AND
3,0,0,0,0,0,0,0,0,0,0,0,0,0,1,0,2,0,0,0,0,0,0,0,0,0,NOR
2,5,0,0,0,0,0,0,0,0,0,0,0,0,0,0,2,0,0,0,0,0,0,0,0,0,AND
3,0,0,0,0,0,0,0,0,0,0,0,0,0,0,0,3,0,0,0,0,0,0,0,0,0,XOR
2,0,0,6,0,0,0,0,0,0,0,0,0,0,0,0,2,0,0,0,0,0,0,0,0,0,OR
4,0,0,0,0,0,0,0,0,0,0,1,0,0,1,2,0,0,0,0,0,0,0,0,0,0,NOT
4,0,0,0,0,0,0,0,0,0,0,1,0,0,1,2,0,0,0,0,0,0,0,0,0,0,NOT
2,0,0,0,0,0,0,0,0,0,0,1,0,0,0,1,0,0,0,0,0,0,0,0,0,0,AND
2,1,0,0,0,0,0,0,0,0,0,0,0,0,0,2,0,0,0,0,0,0,0,0,0,0,OR
2,0,0,0,0,0,0,0,0,0,0,1,0,0,0,1,0,0,0,0,0,0,0,0,0,0,AND
2,0,0,0,0,0,0,0,0,0,0,1,0,0,0,1,0,0,0,0,0,0,0,0,0,0,AND
2,0,0,1,0,0,0,0,0,0,0,0,0,0,0,0,2,0,0,0,0,0,0,0,0,0,OR
2,1,0,0,0,0,0,0,0,0,0,1,0,0,0,1,0,0,0,0,0,0,0,0,0,0,AND
4,0,4,0,1,0,0,0,0,2,0,0,0,0,0,2,0,0,0,0,0,0,0,0,0,0,XOR
4,0,0,0,0,7,0,0,0,1,0,0,0,0,0,2,1,0,0,0,0,0,0,0,0,0,NOT
3,0,0,0,1,1,0,0,0,2,0,1,0,0,0,0,0,0,0,0,0,0,0,0,0,0,NOR
2,6,0,1,0,0,0,0,0,2,0,0,0,0,0,0,0,0,0,0,0,0,0,0,0,0,AND
2,0,1,0,1,0,0,0,0,2,0,0,0,0,0,0,0,0,0,0,0,0,0,0,0,0,OR
4,0,0,0,0,3,0,0,0,1,0,1,0,0,0,1,1,0,0,0,0,0,0,0,0,0,NOT
3,0,0,7,0,0,0,0,0,2,0,1,0,0,0,0,0,0,0,0,0,0,0,0,0,0,NAND
2,6,0,0,0,0,0,0,0,2,0,0,0,0,0,0,0,0,0,0,0,0,0,0,0,0,AND
4,0,0,0,0,1,0,0,0,2,0,0,0,0,0,1,1,0,0,0,0,0,0,0,0,0,NOT
2,4,0,0,0,0,1,0,0,2,0,0,0,0,0,0,0,0,0,0,0,0,0,0,0,0,AND
2,0,0,0,0,9,0,0,0,1,0,1,0,0,0,0,0,0,0,0,0,0,0,0,0,0,NOT
2,4,0,0,0,0,0,0,0,2,0,0,0,0,0,0,0,0,0,0,0,0,0,0,0,0,AND
3,0,0,0,0,7,0,0,0,0,0,1,0,0,0,1,1,0,0,0,0,0,0,0,0,0,NOT
3,0,3,0,0,0,0,0,0,1,0,0,0,0,0,2,0,0,0,0,0,0,0,0,0,0,OR
2,0,2,1,0,0,0,0,0,2,0,0,0,0,0,0,0,0,0,0,0,0,0,0,0,0,OR
3,0,1,0,0,0,0,0,0,3,0,0,0,0,0,0,0,0,0,0,0,0,0,0,0,0,XOR
2,2,0,0,0,0,0,0,0,1,0,0,0,0,0,1,0,0,0,0,0,0,0,0,0,0,AND
3,0,0,1,1,0,0,0,0,1,0,0,0,0,0,2,0,0,0,0,0,0,0,0,0,0,NOR
2,3,0,0,0,0,0,0,0,0,0,0,0,0,0,2,0,0,0,0,0,0,0,0,0,0,AND
3,0,0,0,0,0,0,0,0,0,0,0,0,0,0,3,0,0,0,0,0,0,0,0,0,0,XOR
2,0,2,0,0,0,0,0,0,1,0,0,0,0,0,1,0,0,0,0,0,0,0,0,0,0,OR
3,0,0,0,0,8,0,0,0,2,0,1,0,0,0,0,0,0,0,0,0,0,0,0,0,0,NOT
3,0,0,0,0,2,0,0,0,1,0,1,0,0,0,1,0,0,0,0,0,0,0,0,0,0,NOT
2,5,0,0,0,0,0,0,0,0,0,0,0,0,0,2,0,0,0,0,0,0,0,0,0,0,AND
2,0,0,0,0,1,0,0,0,0,0,0,0,0,0,2,0,0,0,0,0,0,0,0,0,0,OR
2,3,0,1,0,0,0,0,0,0,0,0,0,0,0,2,0,0,0,0,0,0,0,0,0,0,AND
2,2,0,0,0,0,3,0,0,0,0,0,0,0,0,2,0,0,0,0,0,0,0,0,0,0,AND
2,0,0,1,1,0,0,0,0,0,0,0,0,0,0,2,0,0,0,0,0,0,0,0,0,0,OR
2,0,0,0,0,0,0,0,0,0,0,0,0,0,0,2,0,0,0,0,0,0,0,0,0,0,AND
4,0,2,0,0,0,0,1,0,0,0,2,0,2,0,0,0,0,0,0,0,0,0,0,0,0,XOR
2,1,1,0,0,0,0,0,0,0,0,1,0,1,0,0,0,0,0,0,0,0,0,0,0,0,AND
3,0,3,1,0,0,0,0,0,0,0,1,0,2,0,0,0,0,0,0,0,0,0,0,0,0,OR
3,0,0,0,0,9,0,0,0,1,0,1,0,1,0,0,0,0,0,0,0,0,0,0,0,0,NOT
3,0,0,0,0,8,0,0,0,0,0,2,1,0,0,0,0,0,0,0,0,0,0,0,0,0,NOT
4,0,1,0,0,0,0,0,0,0,0,1,1,2,0,0,0,0,0,0,0,0,0,0,0,0,NOR
3,1,0,4,0,0,0,0,0,1,0,1,0,1,0,0,0,0,0,0,0,0,0,0,0,0,NAND
3,0,0,0,0,10,0,0,0,1,0,1,0,1,0,0,0,0,0,0,0,0,0,0,0,0,NOT
2,1,0,0,0,0,0,0,0,0,0,1,0,1,0,0,0,0,0,0,0,0,0,0,0,0,AND
3,0,0,0,0,7,0,0,0,0,0,2,1,0,0,0,0,0,0,0,0,0,0,0,0,0,NOT
2,2,1,0,0,0,0,0,0,0,0,1,0,1,0,0,0,0,0,0,0,0,0,0,0,0,AND
2,0,1,1,0,0,0,0,0,0,0,1,0,1,0,0,0,0,0,0,0,0,0,0,0,0,AND
4,0,0,0,0,5,0,0,0,1,0,1,1,1,0,0,0,0,0,0,0,0,0,0,0,0,NOT
3,0,6,0,0,0,0,0,0,0,0,1,0,2,0,0,0,0,0,0,0,0,0,0,0,0,OR
3,0,3,2,0,0,0,0,0,0,0,1,0,2,0,0,0,0,0,0,0,0,0,0,0,0,OR
4,0,0,0,0,0,0,9,0,0,0,1,0,3,0,0,0,0,0,0,0,0,0,0,0,0,XOR
2,0,0,0,0,6,0,0,0,1,0,0,1,0,0,0,0,0,0,0,0,0,0,0,0,0,NOT
2,0,0,0,0,2,0,0,0,1,0,0,1,0,0,0,0,0,0,0,0,0,0,0,0,0,NOT
2,0,0,0,0,3,0,0,0,1,0,0,1,0,0,0,0,0,0,0,0,0,0,0,0,0,NOT
2,2,1,0,0,0,0,0,0,1,0,1,0,0,0,0,0,0,0,0,0,0,0,0,0,0,AND
3,0,4,0,0,0,0,0,0,0,0,1,0,2,0,0,0,0,0,0,0,0,0,0,0,0,OR
4,0,0,0,0,0,0,5,0,0,0,1,1,2,0,0,0,0,0,0,0,0,0,0,0,0,XOR
3,0,0,0,0,8,0,0,0,1,0,1,1,0,0,0,0,0,0,0,0,0,0,0,0,0,NOT
2,3,1,0,0,0,0,0,0,0,0,2,0,0,0,0,0,0,0,0,0,0,0,0,0,0,AND
3,0,0,0,0,7,0,0,0,1,0,0,1,1,0,0,0,0,0,0,0,0,0,0,0,0,NOT
3,0,3,2,0,0,0,0,0,0,0,1,0,2,0,0,0,0,0,0,0,0,0,0,0,0,OR
2,0,0,0,0,6,0,0,0,1,0,0,1,0,0,0,0,0,0,0,0,0,0,0,0,0,NOT
2,0,0,0,0,10,0,0,0,0,0,1,1,0,0,0,0,0,0,0,0,0,0,0,0,0,NOT
2,0,0,0,0,4,0,0,0,1,0,0,1,0,0,0,0,0,0,0,0,0,0,0,0,0,NOT
2,5,1,0,0,0,0,0,0,1,0,1,0,0,0,0,0,0,0,0,0,0,0,0,0,0,AND
3,0,8,0,0,0,0,0,0,0,0,1,1,1,0,0,0,0,0,0,0,0,0,0,0,0,OR
2,5,2,0,0,0,0,0,0,1,0,1,0,0,0,0,0,0,0,0,0,0,0,0,0,0,AND
2,5,1,0,0,0,0,0,0,1,0,1,0,0,0,0,0,0,0,0,0,0,0,0,0,0,AND
3,0,6,1,0,0,0,0,0,0,0,1,0,2,0,0,0,0,0,0,0,0,0,0,0,0,OR
2,2,1,0,0,0,0,0,0,1,0,1,0,0,0,0,0,0,0,0,0,0,0,0,0,0,AND
4,0,0,0,0,0,0,10,0,1,0,1,0,0,0,0,0,0,0,2,0,0,0,0,0,0,XOR
3,6,0,0,0,0,1,0,0,1,1,0,0,0,0,0,0,0,0,1,0,0,0,0,0,0,AND
2,0,7,0,1,0,0,0,0,0,0,1,0,0,0,0,0,0,0,0,0,0,0,0,1,0,OR
3,0,0,0,0,9,0,0,0,1,1,0,0,0,1,0,0,0,0,0,0,0,0,0,0,0,NOT
3,0,0,8,0,0,0,0,0,1,1,0,0,0,1,0,0,0,0,0,0,0,0,0,0,0,NAND
3,0,0,0,0,7,0,0,0,1,1,0,0,0,1,0,0,0,0,0,0,0,0,0,0,0,NOT
3,0,0,0,6,0,0,0,0,1,1,0,0,0,1,0,0,0,0,0,0,0,0,0,0,0,NOR
2,2,0,0,0,0,0,0,0,1,0,0,0,0,0,0,0,0,0,0,0,0,0,0,1,0,AND
3,0,0,0,0,10,0,0,0,1,1,0,0,0,1,0,0,0,0,0,0,0,0,0,0,0,NOT
3,0,5,0,2,0,0,1,0,0,1,0,0,0,0,0,0,0,0,2,0,0,0,0,0,0,OR
4,0,0,0,0,0,0,10,0,0,0,2,1,0,0,0,0,0,0,1,0,0,0,0,0,0,XOR
3,0,0,0,0,10,0,0,0,1,1,0,0,0,1,0,0,0,0,0,0,0,0,0,0,0,NOT
2,5,0,1,0,0,0,0,0,1,1,0,0,0,0,0,0,0,0,0,0,0,0,0,0,0,AND
2,2,0,4,0,0,0,0,0,1,1,0,0,0,0,0,0,0,0,0,0,0,0,0,0,0,AND
2,0,2,0,8,0,0,0,0,0,1,1,0,0,0,0,0,0,0,0,0,0,0,0,0,0,OR
3,0,0,0,0,7,0,0,0,1,1,0,0,0,1,0,0,0,0,0,0,0,0,0,0,0,NOT
2,0,0,0,0,5,0,0,0,1,0,0,0,0,1,0,0,0,0,0,0,0,0,0,0,0,NOT
2,0,0,0,0,6,0,0,0,1,0,0,0,0,1,0,0,0,0,0,0,0,0,0,0,0,NOT
2,0,0,0,0,9,0,0,0,0,0,0,0,0,1,0,0,0,1,0,0,0,0,0,0,0,NOT
2,4,0,3,0,0,0,0,0,1,1,0,0,0,0,0,0,0,0,0,0,0,0,0,0,0,AND
4,0,0,0,6,0,0,0,0,1,0,0,0,1,1,0,0,0,0,1,0,0,0,0,0,0,NOR
3,0,0,3,1,4,0,0,0,1,0,0,0,0,1,0,0,0,1,0,0,0,0,0,0,0,NAND
4,0,0,0,0,0,0,6,0,1,0,1,0,0,0,0,0,0,0,2,0,0,0,0,0,0,XOR
3,0,5,1,4,0,0,0,0,1,0,0,0,1,0,0,0,0,0,1,0,0,0,0,0,0,OR
2,0,0,0,0,6,0,0,0,0,0,0,0,0,2,0,0,0,0,0,0,0,0,0,0,0,NOT
2,0,0,0,0,2,0,0,0,0,0,0,0,0,1,0,0,0,1,0,0,0,0,0,0,0,NOT
2,0,0,0,0,9,0,0,0,0,0,0,0,0,1,0,0,0,1,0,0,0,0,0,0,0,NOT
2,0,4,0,0,0,0,0,0,1,1,0,0,0,0,0,0,0,0,0,0,0,0,0,0,0,OR
2,6,0,0,0,0,0,0,0,1,1,0,0,0,0,0,0,0,0,0,0,0,0,0,0,0,AND
2,4,0,1,0,0,0,0,0,1,0,0,0,0,0,0,0,0,1,0,0,0,0,0,0,0,AND
2,5,1,3,0,0,0,0,0,1,0,0,0,0,0,0,0,0,1,0,0,0,0,0,0,0,AND
3,0,9,0,1,0,0,0,0,1,0,0,0,2,0,0,0,0,0,0,0,0,0,0,0,0,OR
2,7,1,1,0,0,0,0,0,1,1,0,0,0,0,0,0,0,0,0,0,0,0,0,0,0,AND
4,0,0,0,0,0,0,9,0,0,0,2,1,1,0,0,0,0,0,0,0,0,0,0,0,0,XOR
2,0,0,0,5,4,0,0,0,0,0,0,0,0,1,0,0,1,0,0,0,0,0,0,0,0,NOT
4,0,0,0,3,0,0,0,0,0,0,1,1,1,1,0,0,0,0,0,0,0,0,0,0,0,NOR
2,7,0,0,0,0,0,0,0,0,1,1,0,0,0,0,0,0,0,0,0,0,0,0,0,0,AND
4,0,10,0,0,0,0,0,0,0,0,1,1,1,0,0,0,0,0,1,0,0,0,0,0,0,OR
2,0,0,3,2,5,0,0,0,0,0,0,0,0,1,0,0,1,0,0,0,0,0,0,0,0,NOT
3,0,0,7,0,0,0,0,0,0,1,1,0,0,1,0,0,0,0,0,0,0,0,0,0,0,NAND
2,5,1,0,0,0,0,0,0,0,1,1,0,0,0,0,0,0,0,0,0,0,0,0,0,0,AND
2,0,0,0,1,6,0,0,0,0,0,0,0,0,1,0,0,1,0,0,0,0,0,0,0,0,NOT
2,0,1,0,0,0,0,0,0,0,1,1,0,0,0,0,0,0,0,0,0,0,0,0,0,0,AND
2,0,0,0,0,8,0,0,0,0,0,0,0,0,1,0,0,1,0,0,0,0,0,0,0,0,NOT
2,6,0,0,0,0,0,0,0,0,1,1,0,0,0,0,0,0,0,0,0,0,0,0,0,0,AND
2,0,0,0,0,2,0,0,0,0,0,0,0,0,1,0,0,1,0,0,0,0,0,0,0,0,NOT
3,1,8,0,0,0,0,0,0,0,0,1,1,1,0,0,0,0,0,0,0,0,0,0,0,0,OR
3,1,9,0,0,0,0,0,0,0,0,1,1,1,0,0,0,0,0,0,0,0,0,0,0,0,OR
4,0,0,0,0,0,0,8,0,0,0,2,1,1,0,0,0,0,0,0,0,0,0,0,0,0,XOR
3,2,5,0,0,0,0,0,0,0,0,1,1,1,0,0,0,0,0,0,0,0,0,0,0,0,OR
2,0,0,0,1,0,0,0,0,0,1,0,0,0,1,0,0,0,0,0,0,0,0,0,0,0,NOT
6,0,0,0,2,0,0,0,0,0,3,0,0,1,1,0,0,0,0,1,0,0,0,0,0,0,NOT
2,4,0,1,0,0,0,0,0,0,1,1,0,0,0,0,0,0,0,0,0,0,0,0,0,0,AND
2,0,0,0,0,1,0,0,0,0,0,0,0,0,2,0,0,0,0,0,0,0,0,0,0,0,NOT
4,0,0,2,5,0,0,0,0,0,0,1,1,1,0,0,0,1,0,0,0,0,0,0,0,0,NOR
3,0,0,8,1,0,0,0,0,0,1,1,0,0,1,0,0,0,0,0,0,0,0,0,0,0,NAND
4,0,0,0,0,0,0,7,0,0,0,2,1,1,0,0,0,0,0,0,0,0,0,0,0,0,XOR
3,0,7,0,0,0,0,0,0,0,0,1,1,1,0,0,0,0,0,0,0,0,0,0,0,0,OR
3,0,0,3,1,4,0,0,0,0,0,0,0,0,1,0,0,1,0,0,1,0,0,0,0,0,NOT
2,8,0,0,0,0,0,0,0,0,1,1,0,0,0,0,0,0,0,0,0,0,0,0,0,0,AND
3,0,1,5,1,1,0,0,0,0,0,1,1,1,0,0,0,0,0,0,0,0,0,0,0,0,OR
2,0,0,0,0,0,0,0,0,0,0,0,0,0,1,0,0,1,0,0,0,0,0,0,0,0,NOT
2,10,0,0,0,0,0,0,0,0,1,1,0,0,0,0,0,0,0,0,0,0,0,0,0,0,AND
2,7,2,0,0,0,0,0,0,0,1,1,0,0,0,0,0,0,0,0,0,0,0,0,0,0,AND
3,0,8,0,0,1,0,0,0,0,0,1,1,1,0,0,0,0,0,0,0,0,0,0,0,0,OR
2,7,0,0,0,0,0,0,0,0,1,1,0,0,0,0,0,0,0,0,0,0,0,0,0,0,AND
4,0,0,0,0,0,0,8,0,0,0,2,1,1,0,0,0,0,0,0,0,0,0,0,0,0,XOR
2,0,0,0,3,5,0,0,0,0,0,0,0,0,1,0,0,1,0,0,0,0,0,0,0,0,NOT
2,8,1,0,0,0,0,0,0,0,1,1,0,0,0,0,0,0,0,0,0,0,0,0,0,0,AND
4,0,0,6,3,1,0,0,0,0,0,1,1,1,1,0,0,0,0,0,0,0,0,0,0,0,NOR
3,0,6,0,0,0,0,0,0,0,0,1,1,1,0,0,0,0,0,0,0,0,0,0,0,0,OR
2,0,0,0,0,7,0,0,0,0,0,0,0,0,1,0,0,1,0,0,0,0,0,0,0,0,NOT
3,0,0,7,1,1,0,0,0,0,1,1,0,0,1,0,0,0,0,0,0,0,0,0,0,0,NAND
4,5,0,0,0,0,0,0,0,1,0,0,0,2,0,1,0,0,0,0,0,0,0,0,0,0,LabelBox
5,3,0,0,0,0,0,0,0,1,0,0,0,1,0,3,0,0,0,0,0,0,0,0,0,0,LabelBox
5,2,0,7,0,0,0,0,0,1,0,0,0,1,0,3,0,0,0,0,0,0,0,0,0,0,LabelBox
5,3,0,2,0,0,0,0,0,0,0,1,0,1,0,3,0,0,0,0,0,0,0,0,0,0,LabelBox
2,0,0,2,0,8,0,0,0,0,0,0,0,0,1,0,0,1,0,0,0,0,0,0,0,0,NOT
2,7,0,0,0,0,0,0,0,0,1,1,0,0,0,0,0,0,0,0,0,0,0,0,0,0,AND
3,0,5,0,2,0,0,0,0,0,0,1,1,1,0,0,0,0,0,0,0,0,0,0,0,0,OR
2,0,0,0,3,5,0,0,0,0,0,0,0,0,1,0,0,1,0,0,0,0,0,0,0,0,NOT
2,7,1,0,0,0,0,0,0,0,1,1,0,0,0,0,0,0,0,0,0,0,0,0,0,0,AND
2,0,0,0,2,6,0,0,0,0,0,0,0,0,1,0,0,1,0,0,0,0,0,0,0,0,NOT
2,5,1,0,0,0,0,0,0,0,1,1,0,0,0,0,0,0,0,0,0,0,0,0,0,0,AND
3,0,2,0,1,0,0,0,0,0,0,1,1,1,0,0,0,0,0,0,0,0,0,0,0,0,OR
4,0,0,0,0,0,0,9,0,0,0,2,1,1,0,0,0,0,0,0,0,0,0,0,0,0,XOR
3,2,2,0,0,0,0,0,0,1,1,1,0,0,0,0,0,0,0,0,0,0,0,0,0,0,AND
5,0,0,0,3,0,0,0,0,1,0,1,1,1,1,0,0,0,0,0,0,0,0,0,0,0,NAND
3,0,0,6,1,1,0,0,0,0,0,1,0,0,1,0,0,0,1,0,0,0,0,0,0,0,NAND
4,0,0,0,0,0,0,4,0,0,0,2,0,1,0,1,0,0,0,0,0,0,0,0,0,0,XOR
3,2,7,0,0,0,0,0,0,0,0,1,0,1,0,1,0,0,0,0,0,0,0,0,0,0,AND
3,0,2,1,0,1,0,0,0,0,0,1,1,1,0,0,0,0,0,0,0,0,0,0,0,0,AND
2,0,0,1,1,6,0,0,0,0,0,0,0,0,1,0,0,0,1,0,0,0,0,0,0,0,NOT
2,4,2,0,0,0,0,0,0,0,0,1,0,0,0,0,0,0,1,0,0,0,0,0,0,0,AND
3,2,6,0,0,0,0,0,0,0,0,1,0,2,0,0,0,0,0,0,0,0,0,0,0,0,OR
2,0,0,2,1,7,0,0,0,0,0,0,0,0,1,0,0,1,0,0,0,0,0,0,0,0,NOT
2,5,0,0,0,0,0,0,0,0,1,1,0,0,0,0,0,0,0,0,0,0,0,0,0,0,AND
2,1,5,1,0,0,0,0,0,0,0,1,0,0,0,0,0,0,1,0,0,0,0,0,0,0,AND
5,0,1,0,0,0,0,0,0,0,1,1,1,2,0,0,0,0,0,0,0,0,0,0,0,0,OR
2,5,0,0,0,0,0,0,0,1,1,0,0,0,0,0,0,0,0,0,0,0,0,0,0,0,AND
1,0,0,4,1,0,0,3,0,0,0,0,0,0,0,0,0,0,0,1,0,0,0,0,0,0,LabelBox
2,3,0,7,0,0,0,0,0,0,0,1,0,0,1,0,0,0,0,0,0,0,0,0,0,0,NAND
2,0,0,1,3,5,0,0,0,0,0,0,0,0,1,0,0,0,0,1,0,0,0,0,0,0,NOT
1,0,5,0,0,0,0,5,0,0,0,1,0,0,0,0,0,0,0,0,0,0,0,0,0,0,OR
1,9,0,0,0,0,0,0,0,0,0,1,0,0,0,0,0,0,0,0,0,0,0,0,0,0,AND
2,0,6,0,3,0,0,1,0,0,0,1,0,0,1,0,0,0,0,0,0,0,0,0,0,0,NOR
2,0,0,1,4,4,0,0,0,0,0,0,0,0,1,0,0,0,0,1,0,0,0,0,0,0,NOT
3,0,0,0,0,0,0,2,0,0,0,3,0,0,0,0,0,0,0,0,0,0,0,0,0,0,XOR
1,0,0,6,0,0,0,0,0,0,0,0,0,0,0,0,0,0,0,1,0,0,0,0,0,0,LabelBox
1,3,0,4,0,0,0,0,0,0,0,0,0,0,0,0,0,0,0,1,0,0,0,0,0,0,LabelBox
1,4,0,6,0,0,0,0,0,0,0,0,0,0,0,0,0,0,0,1,0,0,0,0,0,0,LabelBox
1,0,0,5,0,0,0,0,0,0,0,0,0,0,0,0,0,0,0,1,0,0,0,0,0,0,LabelBox
2,0,0,0,0,0,0,2,0,0,0,2,0,0,0,0,0,0,0,0,0,0,0,0,0,0,XOR
1,0,4,0,0,0,0,6,0,0,0,1,0,0,0,0,0,0,0,0,0,0,0,0,0,0,OR
1,0,5,0,0,0,0,4,0,0,0,1,0,0,0,0,0,0,0,0,0,0,0,0,0,0,OR
1,9,0,0,0,0,0,0,0,0,0,1,0,0,0,0,0,0,0,0,0,0,0,0,0,0,AND
1,9,0,0,0,0,0,0,0,0,0,1,0,0,0,0,0,0,0,0,0,0,0,0,0,0,AND
1,7,0,2,0,0,0,0,0,0,0,1,0,0,0,0,0,0,0,0,0,0,0,0,0,0,AND
1,7,0,3,0,0,0,0,0,0,0,0,0,0,0,0,0,0,0,1,0,0,0,0,0,0,LabelBox
1,7,0,0,0,0,0,0,0,0,0,1,0,0,0,0,0,0,0,0,0,0,0,0,0,0,LabelBox
1,1,0,2,0,0,0,0,0,0,0,0,0,0,0,0,0,0,0,1,0,0,0,0,0,0,LabelBox
1,7,0,2,0,0,0,0,0,0,0,0,0,0,0,0,0,0,0,1,0,0,0,0,0,0,LabelBox
2,0,0,0,3,6,0,0,0,0,0,0,0,0,1,0,0,0,0,1,0,0,0,0,0,0,NOT
2,0,0,0,3,6,0,0,0,0,0,0,0,0,1,0,0,0,0,1,0,0,0,0,0,0,NOT
2,0,0,0,4,6,0,0,0,0,0,0,0,0,1,0,0,0,0,1,0,0,0,0,0,0,NOT
1,2,0,2,0,0,0,0,0,1,0,0,0,0,0,0,0,0,0,0,0,0,0,0,0,0,AND
1,1,0,0,0,0,0,0,0,0,0,1,0,0,0,0,0,0,0,0,0,0,0,0,0,0,LabelBox
1,0,6,0,1,0,0,3,0,0,0,1,0,0,0,0,0,0,0,0,0,0,0,0,0,0,OR
1,0,5,0,0,0,0,0,0,0,0,1,0,0,0,0,0,0,0,0,0,0,0,0,0,0,OR
2,0,0,0,3,6,0,0,0,0,0,0,0,0,1,0,0,0,0,1,0,0,0,0,0,0,NOT
1,6,0,0,0,0,0,0,0,0,0,1,0,0,0,0,0,0,0,0,0,0,0,0,0,0,AND
1,7,0,0,0,0,0,0,0,0,0,1,0,0,0,0,0,0,0,0,0,0,0,0,0,0,AND
1,9,0,0,0,0,0,0,0,0,0,1,0,0,0,0,0,0,0,0,0,0,0,0,0,0,AND
3,0,0,0,0,0,0,1,0,0,0,0,0,0,2,0,0,0,0,1,0,0,0,0,0,0,NOT
1,6,0,3,0,0,0,0,0,0,0,1,0,0,0,0,0,0,0,0,0,0,0,0,0,0,LabelBox
1,0,0,6,0,0,0,0,0,0,0,0,0,0,0,0,0,0,0,1,0,0,0,0,0,0,LabelBox
1,0,0,3,0,0,0,0,0,0,0,0,0,0,0,0,0,0,0,1,0,0,0,0,0,0,LabelBox
1,0,0,0,0,0,0,0,0,0,0,1,0,0,0,0,0,0,0,0,0,0,0,0,0,0,LabelBox
1,0,6,0,0,0,0,2,0,0,0,1,0,0,0,0,0,0,0,0,0,0,0,0,0,0,OR
2,0,2,0,0,0,0,6,0,0,0,2,0,0,0,0,0,0,0,0,0,0,0,0,0,0,XOR
2,0,0,10,0,0,0,0,0,0,0,1,0,0,1,0,0,0,0,0,0,0,0,0,0,0,NAND
2,0,2,0,0,1,0,1,0,0,0,1,0,0,1,0,0,0,0,0,0,0,0,0,0,0,NOR
1,2,0,2,0,0,0,0,0,0,0,1,0,0,0,0,0,0,0,0,0,0,0,0,0,0,AND
1,7,0,1,0,0,0,0,0,0,0,0,0,0,0,0,0,0,0,1,0,0,0,0,0,0,LabelBox
1,7,0,1,0,0,0,0,0,0,0,0,0,0,0,0,0,0,0,1,0,0,0,0,0,0,LabelBox
1,0,0,1,0,0,0,0,0,0,0,0,0,0,0,0,0,0,0,1,0,0,0,0,0,0,LabelBox
1,5,0,0,0,0,1,0,0,0,0,1,0,0,0,0,0,0,0,0,0,0,0,0,0,0,LabelBox
1,1,0,0,0,0,0,0,0,0,0,1,0,0,0,0,0,0,0,0,0,0,0,0,0,0,LabelBox
1,5,0,0,0,0,2,0,0,0,0,1,0,0,0,0,0,0,0,0,0,0,0,0,0,0,LabelBox
2,0,0,0,0,0,1,0,0,0,0,2,0,0,0,0,0,0,0,0,0,0,0,0,0,0,XOR
2,0,1,0,1,7,0,1,0,0,0,1,0,0,1,0,0,0,0,0,0,0,0,0,0,0,NOT
1,7,0,0,0,0,0,0,0,0,0,1,0,0,0,0,0,0,0,0,0,0,0,0,0,0,AND
2,0,0,3,4,0,0,0,0,0,0,1,0,0,1,0,0,0,0,0,0,0,0,0,0,0,NOR
1,0,6,0,1,0,0,3,0,0,0,1,0,0,0,0,0,0,0,0,0,0,0,0,0,0,OR
2,0,0,6,1,0,0,0,0,0,0,1,0,0,1,0,0,0,0,0,0,0,0,0,0,0,NOT
2,1,0,8,0,0,0,0,0,0,0,1,0,0,1,0,0,0,0,0,0,0,0,0,0,0,NAND
1,0,0,0,0,0,2,0,0,0,0,0,0,0,1,0,0,0,0,0,0,0,0,0,0,0,LabelBox
1,9,0,0,0,0,0,0,0,0,0,1,0,0,0,0,0,0,0,0,0,0,0,0,0,0,AND
1,3,0,0,0,0,2,0,0,0,0,1,0,0,0,0,0,0,0,0,0,0,0,0,0,0,AND
2,6,0,1,0,0,0,0,0,0,0,2,0,0,0,0,0,0,0,0,0,0,0,0,0,0,AND
3,0,4,0,1,0,0,5,0,0,0,2,0,0,1,0,0,0,0,0,0,0,0,0,0,0,OR
2,0,4,0,1,0,0,4,0,0,0,1,0,0,1,0,0,0,0,0,0,0,0,0,0,0,OR
2,0,0,0,0,0,0,0,0,0,0,2,0,0,0,0,0,0,0,0,0,0,0,0,0,0,XOR
1,2,0,3,0,0,2,0,0,0,0,1,0,0,0,0,0,0,0,0,0,0,0,0,0,0,LabelBox
1,6,0,0,0,0,0,0,0,0,0,0,0,0,1,0,0,0,0,0,0,0,0,0,0,0,LabelBox
1,7,0,0,0,0,0,0,0,0,0,1,0,0,0,0,0,0,0,0,0,0,0,0,0,0,LabelBox
2,0,0,0,2,7,0,0,0,0,0,1,0,0,1,0,0,0,0,0,0,0,0,0,0,0,NOT
2,0,2,0,3,0,0,1,0,0,0,1,0,0,1,0,0,0,0,0,0,0,0,0,0,0,NOT
1,7,0,0,0,0,0,0,0,0,0,1,0,0,0,0,0,0,0,0,0,0,0,0,0,0,LabelBox
1,9,0,0,0,0,0,0,0,0,0,1,0,0,0,0,0,0,0,0,0,0,0,0,0,0,LabelBox
2,0,0,6,0,1,0,0,0,0,0,1,0,0,1,0,0,0,0,0,0,0,0,0,0,0,NOT
1,8,0,0,0,0,0,0,0,0,0,1,0,0,0,0,0,0,0,0,0,0,0,0,0,0,AND
1,0,5,0,2,0,0,2,0,0,0,1,0,0,0,0,0,0,0,0,0,0,0,0,0,0,OR
1,0,5,0,4,0,0,1,0,0,0,1,0,0,0,0,0,0,0,0,0,0,0,0,0,0,OR
1,2,0,0,0,0,1,0,0,0,0,1,0,0,0,0,0,0,0,0,0,0,0,0,0,0,NOTBUBBLE
1,2,0,2,0,0,1,0,0,0,0,1,0,0,0,0,0,0,0,0,0,0,0,0,0,0,AND
1,7,0,0,0,0,0,0,0,0,0,1,0,0,0,0,0,0,0,0,0,0,0,0,0,0,AND
1,7,0,0,0,0,0,0,0,0,0,1,0,0,0,0,0,0,0,0,0,0,0,0,0,0,AND
1,0,0,0,0,0,1,0,0,0,0,0,0,0,1,0,0,0,0,0,0,0,0,0,0,0,NOTBUBBLE
1,0,1,0,1,0,0,4,0,0,0,1,0,0,0,0,0,0,0,0,0,0,0,0,0,0,OR
1,0,2,0,3,0,0,1,0,0,0,1,0,0,0,0,0,0,0,0,0,0,0,0,0,0,OR
2,6,0,0,0,0,0,0,0,0,0,2,0,0,0,0,0,0,0,0,0,0,0,0,0,0,AND
3,0,0,0,1,0,0,0,0,0,0,1,0,0,2,0,0,0,0,0,0,0,0,0,0,0,OR
1,5,0,0,0,0,0,0,0,0,0,1,0,0,0,0,0,0,0,0,0,0,0,0,0,0,AND
1,0,0,0,0,0,1,0,0,0,0,1,0,0,0,0,0,0,0,0,0,0,0,0,0,0,NOTBUBBLE
1,0,0,0,0,0,4,0,0,0,0,0,0,0,1,0,0,0,0,0,0,0,0,0,0,0,NOTBUBBLE
1,2,0,0,0,0,1,0,0,0,0,0,0,0,1,0,0,0,0,0,0,0,0,0,0,0,NOTBUBBLE
1,1,0,0,0,0,7,0,0,0,0,0,0,0,1,0,0,0,0,0,0,0,0,0,0,0,NOTBUBBLE
1,1,0,0,0,0,8,0,0,0,0,0,0,0,1,0,0,0,0,0,0,0,0,0,0,0,NOTBUBBLE
3,0,0,0,0,0,0,0,0,0,0,1,0,0,0,1,1,0,0,0,0,0,0,0,0,0,LabelBox
3,2,0,0,0,0,0,0,0,0,0,1,0,0,0,1,1,0,0,0,0,0,0,0,0,0,LabelBox
3,1,0,0,0,0,0,0,0,0,0,1,0,0,0,1,1,0,0,0,0,0,0,0,0,0,LabelBox
3,0,0,0,0,0,0,5,0,0,0,2,0,0,0,0,1,0,0,0,0,0,0,0,0,0,XOR
2,0,3,0,0,0,0,0,0,0,0,1,0,0,0,0,1,0,0,0,0,0,0,0,0,0,AND
4,0,0,0,0,3,0,0,0,1,0,0,0,0,1,1,1,0,0,0,0,0,0,0,0,0,NOT
3,0,0,1,5,0,0,0,0,0,0,1,0,0,1,0,1,0,0,0,0,0,0,0,0,0,NOR
2,2,7,0,0,0,0,0,0,0,0,1,0,0,0,0,1,0,0,0,0,0,0,0,0,0,OR
4,0,0,0,0,3,0,0,0,0,0,1,0,0,1,1,1,0,0,0,0,0,0,0,0,0,NOT
3,0,0,1,3,0,0,0,0,0,0,2,0,0,0,1,0,0,0,0,0,0,0,0,0,0,NAND
3,2,1,0,0,0,0,0,0,0,0,1,0,0,0,1,1,0,0,0,0,0,0,0,0,0,LabelBox
4,0,0,0,0,0,0,0,0,0,0,1,0,0,1,1,1,0,0,0,0,0,0,0,0,0,NOT
2,1,5,0,0,0,0,0,0,1,1,0,0,0,0,0,0,0,0,0,0,0,0,0,0,0,AND
3,1,1,0,0,0,0,0,0,0,0,1,0,0,0,1,1,0,0,0,0,0,0,0,0,0,LabelBox
3,9,0,0,0,0,0,0,0,0,0,1,0,0,0,1,1,0,0,0,0,0,0,0,0,0,LabelBox
3,1,1,0,0,0,0,0,0,0,0,1,0,0,0,1,1,0,0,0,0,0,0,0,0,0,LabelBox
3,0,1,0,0,0,0,0,0,0,0,1,0,0,0,1,1,0,0,0,0,0,0,0,0,0,LabelBox
2,0,8,0,0,0,0,0,0,0,0,1,0,0,0,0,1,0,0,0,0,0,0,0,0,0,OR
5,0,0,0,0,6,0,0,0,0,0,2,0,0,1,1,1,0,0,0,0,0,0,0,0,0,NOT
2,1,2,0,0,0,0,0,0,1,0,0,0,0,0,0,1,0,0,0,0,0,0,0,0,0,AND
2,1,1,0,0,0,0,0,0,0,1,1,0,0,0,0,0,0,0,0,0,0,0,0,0,0,AND
4,0,0,0,0,2,0,0,0,0,0,1,0,0,1,1,1,0,0,0,0,0,0,0,0,0,NOT
2,1,8,0,0,0,0,0,0,0,0,1,0,0,0,0,1,0,0,0,0,0,0,0,0,0,OR
3,0,0,0,0,0,0,5,0,0,0,2,0,0,0,0,1,0,0,0,0,0,0,0,0,0,XOR
3,0,2,0,0,0,0,0,0,0,0,1,0,0,0,1,1,0,0,0,0,0,0,0,0,0,LabelBox
3,1,0,0,0,0,0,0,0,0,0,1,0,0,0,1,1,0,0,0,0,0,0,0,0,0,LabelBox
3,3,0,0,0,0,0,0,0,0,0,1,0,0,0,1,1,0,0,0,0,0,0,0,0,0,LabelBox
3,1,1,0,0,0,0,0,0,0,0,1,0,0,0,1,1,0,0,0,0,0,0,0,0,0,LabelBox
2,4,2,0,0,0,0,0,0,0,0,1,0,0,0,0,1,0,0,0,0,0,0,0,0,0,AND
3,0,0,0,6,0,0,0,0,0,0,0,0,0,1,0,2,0,0,0,0,0,0,0,0,0,NOR
3,0,0,5,3,0,0,0,0,0,0,2,0,0,1,0,0,0,0,0,0,0,0,0,0,0,NAND
3,0,0,0,0,0,0,7,0,0,0,3,0,0,0,0,0,0,0,0,0,0,0,0,0,0,XOR
2,2,0,0,0,0,0,0,0,0,0,2,0,0,0,0,0,0,0,0,0,0,0,0,0,0,OR
2,3,4,0,0,0,0,0,0,0,0,1,0,0,0,0,1,0,0,0,0,0,0,0,0,0,OR
3,0,1,0,0,0,0,0,0,0,0,1,0,0,0,1,1,0,0,0,0,0,0,0,0,0,LabelBox
3,1,1,0,0,0,0,0,0,0,0,1,0,0,0,1,1,0,0,0,0,0,0,0,0,0,LabelBox
3,2,0,0,0,0,0,0,0,0,0,1,0,0,0,1,1,0,0,0,0,0,0,0,0,0,LabelBox
3,1,0,0,0,0,0,0,0,0,0,1,0,0,0,1,1,0,0,0,0,0,0,0,0,0,LabelBox
2,1,3,0,0,0,0,0,0,1,0,0,0,0,0,0,1,0,0,0,0,0,0,0,0,0,AND
2,3,2,0,0,0,0,0,0,0,1,1,0,0,0,0,0,0,0,0,0,0,0,0,0,0,OR
1,2,0,0,0,0,0,0,0,0,0,0,0,0,1,0,0,0,0,0,0,0,0,0,0,0,NOTBUBBLE
2,5,3,0,0,0,0,0,0,1,0,0,0,0,0,0,1,0,0,0,0,0,0,0,0,0,AND
1,0,1,0,0,0,1,0,0,0,0,0,0,0,1,0,0,0,0,0,0,0,0,0,0,0,NOTBUBBLE
2,3,5,0,0,0,0,0,0,0,0,1,0,0,0,0,1,0,0,0,0,0,0,0,0,0,AND
2,1,5,0,0,0,0,0,0,0,0,0,0,0,0,0,2,0,0,0,0,0,0,0,0,0,OR
2,0,0,0,0,0,0,0,0,0,0,0,0,0,0,0,2,0,0,0,0,0,0,0,0,0,OR
2,0,4,0,0,0,0,0,0,0,0,1,0,0,0,0,1,0,0,0,0,0,0,0,0,0,AND
3,0,0,0,0,0,0,0,0,0,0,1,0,0,0,1,1,0,0,0,0,0,0,0,0,0,LabelBox
4,0,0,0,0,0,0,4,0,2,0,0,1,1,0,0,0,0,0,0,0,0,0,0,0,0,XOR
3,0,0,0,0,4,0,0,0,1,0,0,0,2,0,0,0,0,0,0,0,0,0,0,0,0,NOT
2,6,0,0,0,0,0,0,0,1,0,0,0,1,0,0,0,0,0,0,0,0,0,0,0,0,AND
3,0,0,0,7,1,0,0,0,2,0,0,0,1,0,0,0,0,0,0,0,0,0,0,0,0,NOR
2,0,8,0,0,0,0,0,0,1,0,0,0,1,0,0,0,0,0,0,0,0,0,0,0,0,OR
3,0,0,0,0,8,0,0,0,1,0,0,0,2,0,0,0,0,0,0,0,0,0,0,0,0,NOT
3,2,0,1,1,0,0,0,0,1,0,0,0,2,0,0,0,0,0,0,0,0,0,0,0,0,NAND
2,0,0,4,0,0,0,0,0,1,0,0,0,1,0,0,0,0,0,0,0,0,0,0,0,0,AND
4,0,0,0,0,4,0,0,0,1,0,0,2,1,0,0,0,0,0,0,0,0,0,0,0,0,NOT
2,1,0,0,0,0,1,0,0,1,0,0,0,1,0,0,0,0,0,0,0,0,0,0,0,0,AND
4,0,0,0,0,3,0,0,0,2,0,0,1,1,0,0,0,0,0,0,0,0,0,0,0,0,NOT
2,3,1,0,0,0,0,0,0,1,0,0,0,1,0,0,0,0,0,0,0,0,0,0,0,0,AND
4,0,0,0,1,5,0,0,0,1,0,0,1,2,0,0,0,0,0,0,0,0,0,0,0,0,NOT
3,0,4,0,0,0,0,0,0,1,0,0,1,1,0,0,0,0,0,0,0,0,0,0,0,0,OR
4,0,9,0,0,0,0,1,0,2,0,0,1,1,0,0,0,0,0,0,0,0,0,0,0,0,OR
4,0,0,0,0,3,0,2,0,2,0,0,1,1,0,0,0,0,0,0,0,0,0,0,0,0,XOR
2,0,6,0,0,0,0,0,0,1,0,0,0,1,0,0,0,0,0,0,0,0,0,0,0,0,OR
3,0,0,0,0,0,0,4,0,2,0,0,0,1,0,0,0,0,0,0,0,0,0,0,0,0,XOR
3,0,0,6,0,0,0,0,0,1,0,0,0,2,0,0,0,0,0,0,0,0,0,0,0,0,NAND
4,0,0,0,9,0,0,0,0,2,0,0,1,1,0,0,0,0,0,0,0,0,0,0,0,0,NOR
2,5,0,0,0,0,0,0,0,1,0,0,0,1,0,0,0,0,0,0,0,0,0,0,0,0,AND
2,3,0,0,0,0,0,0,0,1,0,0,0,1,0,0,0,0,0,0,0,0,0,0,0,0,AND
2,0,6,0,1,0,0,0,0,1,0,0,0,1,0,0,0,0,0,0,0,0,0,0,0,0,OR
2,0,4,1,2,0,0,1,0,1,0,0,0,1,0,0,0,0,0,0,0,0,0,0,0,0,OR
3,0,4,0,3,0,0,0,0,1,0,0,1,1,0,0,0,0,0,0,0,0,0,0,0,0,NOT
2,5,0,1,0,0,0,0,0,1,0,0,0,1,0,0,0,0,0,0,0,0,0,0,0,0,AND
2,0,0,5,0,0,0,0,0,1,0,0,0,1,0,0,0,0,0,0,0,0,0,0,0,0,AND
2,3,0,0,0,0,0,0,0,1,0,0,0,1,0,0,0,0,0,0,0,0,0,0,0,0,AND
3,0,1,0,0,1,0,0,0,1,0,0,1,1,0,0,0,0,0,0,0,0,0,0,0,0,NOT
3,0,0,0,0,0,0,10,0,0,1,2,0,0,0,0,0,0,0,0,0,0,0,0,0,0,XOR
3,0,0,0,0,5,0,0,0,1,1,0,0,0,1,0,0,0,0,0,0,0,0,0,0,0,NOT
2,0,0,0,0,0,0,0,0,0,1,1,0,0,0,0,0,0,0,0,0,0,0,0,0,0,AND
3,0,0,2,8,0,0,0,0,0,1,1,0,0,1,0,0,0,0,0,0,0,0,0,0,0,NOR
2,1,6,1,0,0,0,0,0,0,1,1,0,0,0,0,0,0,0,0,0,0,0,0,0,0,OR
2,0,0,0,2,1,0,0,0,0,1,0,0,0,1,0,0,0,0,0,0,0,0,0,0,0,NOT
3,0,0,6,1,0,0,0,0,0,1,1,0,0,1,0,0,0,0,0,0,0,0,0,0,0,NAND
2,4,0,1,0,0,0,0,0,0,1,1,0,0,0,0,0,0,0,0,0,0,0,0,0,0,AND
3,0,0,1,2,6,0,0,0,1,0,0,0,0,0,0,0,0,0,1,1,0,0,0,0,0,NOT
3,0,0,1,4,1,0,0,0,1,0,1,0,0,1,0,0,0,0,0,0,0,0,0,0,0,NOT
2,5,0,0,0,0,0,0,0,0,1,1,0,0,0,0,0,0,0,0,0,0,0,0,0,0,AND
3,0,6,0,1,0,0,0,0,0,1,1,0,0,0,0,0,0,0,0,1,0,0,0,0,0,OR
2,1,8,0,0,0,0,0,0,0,1,1,0,0,0,0,0,0,0,0,0,0,0,0,0,0,OR
3,7,0,0,0,0,0,0,0,1,1,1,0,0,0,0,0,0,0,0,0,0,0,0,0,0,AND
3,0,1,3,1,1,0,0,0,0,1,1,0,0,1,0,0,0,0,0,0,0,0,0,0,0,NOT
3,0,1,0,0,0,0,8,0,0,1,2,0,0,0,0,0,0,0,0,0,0,0,0,0,0,XOR
2,0,6,0,0,0,0,0,0,0,1,1,0,0,0,0,0,0,0,0,0,0,0,0,0,0,OR
3,0,3,0,0,0,0,5,0,0,1,2,0,0,0,0,0,0,0,0,0,0,0,0,0,0,XOR
2,6,0,1,0,0,0,0,0,0,1,1,0,0,0,0,0,0,0,0,0,0,0,0,0,0,AND
4,0,0,0,6,0,0,0,0,0,1,2,0,0,1,0,0,0,0,0,0,0,0,0,0,0,NOR
3,0,0,8,0,0,0,0,0,0,1,1,0,0,1,0,0,0,0,0,0,0,0,0,0,0,NAND
2,0,0,0,0,0,0,0,0,0,1,1,0,0,0,0,0,0,0,0,0,0,0,0,0,0,AND
2,0,8,0,0,0,0,1,0,0,1,1,0,0,0,0,0,0,0,0,0,0,0,0,0,0,OR
2,0,9,0,0,0,0,0,0,0,1,1,0,0,0,0,0,0,0,0,0,0,0,0,0,0,OR
2,2,0,0,0,0,0,0,0,0,1,1,0,0,0,0,0,0,0,0,0,0,0,0,0,0,AND
2,2,0,0,0,0,0,0,0,0,1,1,0,0,0,0,0,0,0,0,0,0,0,0,0,0,AND
2,0,0,0,0,0,0,0,0,0,1,1,0,0,0,0,0,0,0,0,0,0,0,0,0,0,AND
4,0,0,0,1,4,0,0,0,1,0,0,0,1,1,0,0,0,0,1,0,0,0,0,0,0,NOT
3,0,0,0,3,4,0,0,0,1,0,0,0,0,1,0,0,0,1,0,0,0,0,0,0,0,NOT
3,0,0,0,0,0,0,10,0,0,0,3,0,0,0,0,0,0,0,0,0,0,0,0,0,0,XOR
4,0,0,0,0,3,0,0,0,0,0,1,0,0,0,3,0,0,0,0,0,0,0,0,0,0,NOT
2,7,0,0,0,0,0,0,0,0,0,2,0,0,0,0,0,0,0,0,0,0,0,0,0,0,AND
3,0,0,0,10,0,0,0,0,0,0,2,0,0,0,1,0,0,0,0,0,0,0,0,0,0,NOR
2,2,2,0,0,0,0,0,0,0,0,2,0,0,0,0,0,0,0,0,0,0,0,0,0,0,OR
4,0,0,0,0,0,0,0,0,0,0,2,0,0,0,2,0,0,0,0,0,0,0,0,0,0,NOT
3,2,1,0,2,0,0,0,0,0,0,2,0,0,0,1,0,0,0,0,0,0,0,0,0,0,NAND
4,0,0,0,0,3,0,0,0,0,0,1,0,0,0,3,0,0,0,0,0,0,0,0,0,0,NOT
2,4,1,0,0,0,0,0,0,0,0,2,0,0,0,0,0,0,0,0,0,0,0,0,0,0,AND
2,0,6,0,0,0,0,0,0,0,0,2,0,0,0,0,0,0,0,0,0,0,0,0,0,0,OR
3,0,0,0,0,0,0,6,0,0,0,3,0,0,0,0,0,0,0,0,0,0,0,0,0,0,XOR
4,0,0,0,0,9,0,0,0,0,0,1,0,0,0,3,0,0,0,0,0,0,0,0,0,0,NOT
2,7,2,0,0,0,0,0,0,0,0,2,0,0,0,0,0,0,0,0,0,0,0,0,0,0,AND
4,0,0,0,0,1,0,0,0,0,0,1,0,0,0,3,0,0,0,0,0,0,0,0,0,0,NOT
2,6,0,0,0,0,0,0,0,0,0,2,0,0,0,0,0,0,0,0,0,0,0,0,0,0,AND
2,2,6,0,0,0,0,0,0,0,0,2,0,0,0,0,0,0,0,0,0,0,0,0,0,0,OR
2,5,1,0,0,0,0,0,0,0,0,2,0,0,0,0,0,0,0,0,0,0,0,0,0,0,AND
3,0,2,0,5,0,0,0,0,0,0,2,0,0,0,1,0,0,0,0,0,0,0,0,0,0,NOR
3,0,0,1,0,0,0,0,0,0,0,2,0,0,0,1,0,0,0,0,0,0,0,0,0,0,NAND
3,0,0,0,0,0,0,6,0,0,0,3,0,0,0,0,0,0,0,0,0,0,0,0,0,0,XOR
2,1,2,1,0,0,0,0,0,0,0,2,0,0,0,0,0,0,0,0,0,0,0,0,0,0,OR
2,0,4,0,0,0,0,1,0,0,0,2,0,0,0,0,0,0,0,0,0,0,0,0,0,0,OR
2,7,1,0,0,0,0,0,0,0,0,2,0,0,0,0,0,0,0,0,0,0,0,0,0,0,AND
2,0,6,0,0,0,0,0,0,0,0,2,0,0,0,0,0,0,0,0,0,0,0,0,0,0,AND
1,0,0,0,0,0,1,0,0,0,0,0,0,0,0,1,0,0,0,0,0,0,0,0,0,0,NOTBUBBLE
2,4,1,0,0,0,0,0,0,0,0,1,0,0,0,1,0,0,0,0,0,0,0,0,0,0,AND
1,0,0,0,0,0,2,0,0,0,0,0,0,0,0,1,0,0,0,0,0,0,0,0,0,0,NOTBUBBLE
2,0,5,0,0,0,0,0,0,0,0,2,0,0,0,0,0,0,0,0,0,0,0,0,0,0,OR
2,6,0,0,0,0,1,0,0,0,0,2,0,0,0,0,0,0,0,0,0,0,0,0,0,0,AND
2,0,4,0,1,0,0,0,0,0,0,1,0,0,0,1,0,0,0,0,0,0,0,0,0,0,OR
2,6,1,1,0,0,1,0,0,0,0,2,0,0,0,0,0,0,0,0,0,0,0,0,0,0,AND
3,0,0,0,0,3,0,0,0,0,0,0,0,0,3,0,0,0,0,0,0,0,0,0,0,0,NOT
3,0,2,0,0,0,0,7,0,0,0,0,0,0,3,0,0,0,0,0,0,0,0,0,0,0,XOR
2,0,0,0,0,0,3,0,0,0,0,0,0,0,2,0,0,0,0,0,0,0,0,0,0,0,AND
3,0,1,0,9,0,0,0,0,0,0,0,0,0,3,0,0,0,0,0,0,0,0,0,0,0,NOR
2,2,7,0,0,0,0,0,0,0,0,0,0,0,2,0,0,0,0,0,0,0,0,0,0,0,OR
3,0,0,4,0,4,0,0,0,0,0,0,0,0,3,0,0,0,0,0,0,0,0,0,0,0,NOT
3,0,0,4,0,2,0,0,0,0,0,0,0,0,3,0,0,0,0,0,0,0,0,0,0,0,NAND
3,0,0,2,0,8,0,0,0,0,0,0,0,0,3,0,0,0,0,0,0,0,0,0,0,0,NOT
2,1,0,0,0,0,4,0,0,0,0,0,0,0,2,0,0,0,0,0,0,0,0,0,0,0,AND
3,0,0,1,0,7,0,0,0,0,0,0,0,0,3,0,0,0,0,0,0,0,0,0,0,0,NOT
2,5,0,0,0,0,0,0,0,0,0,0,0,0,2,0,0,0,0,0,0,0,0,0,0,0,AND
3,0,0,1,0,8,0,0,0,0,0,0,0,0,3,0,0,0,0,0,0,0,0,0,0,0,NOT
2,4,1,1,0,0,0,0,0,0,0,0,0,0,2,0,0,0,0,0,0,0,0,0,0,0,AND
2,0,8,0,0,0,0,1,0,0,0,0,0,0,2,0,0,0,0,0,0,0,0,0,0,0,OR
2,0,8,0,0,0,0,0,0,0,0,0,0,0,2,0,0,0,0,0,0,0,0,0,0,0,OR
3,0,3,0,0,0,0,4,0,0,0,0,0,0,3,0,0,0,0,0,0,0,0,0,0,0,XOR
2,0,0,0,0,8,0,0,0,0,0,0,0,0,2,0,0,0,0,0,0,0,0,0,0,0,NOT
2,0,0,0,0,2,0,0,0,0,0,0,0,0,2,0,0,0,0,0,0,0,0,0,0,0,NOT
2,0,0,0,0,5,0,0,0,0,0,0,0,0,2,0,0,0,0,0,0,0,0,0,0,0,NOT
2,7,0,0,0,0,0,0,0,0,0,0,0,0,2,0,0,0,0,0,0,0,0,0,0,0,AND
3,0,0,0,8,0,0,0,0,0,0,0,0,0,3,0,0,0,0,0,0,0,0,0,0,0,NOR
2,1,0,0,0,0,5,0,0,0,0,0,0,0,2,0,0,0,0,0,0,0,0,0,0,0,AND
3,0,0,0,0,0,0,8,0,0,0,0,0,0,3,0,0,0,0,0,0,0,0,0,0,0,XOR
2,1,3,0,0,0,0,0,0,0,0,0,0,0,2,0,0,0,0,0,0,0,0,0,0,0,OR
2,0,0,0,1,6,0,0,0,0,0,0,0,0,2,0,0,0,0,0,0,0,0,0,0,0,NOT
2,0,0,0,0,0,0,0,0,0,0,0,0,0,2,0,0,0,0,0,0,0,0,0,0,0,NOT
2,0,0,0,0,0,0,0,0,0,0,0,0,0,2,0,0,0,0,0,0,0,0,0,0,0,NOT
2,4,0,0,0,0,0,0,0,0,0,0,0,0,2,0,0,0,0,0,0,0,0,0,0,0,AND
2,0,7,0,0,0,0,2,0,0,0,0,0,0,2,0,0,0,0,0,0,0,0,0,0,0,OR
2,2,1,1,0,0,0,0,0,0,0,0,0,0,2,0,0,0,0,0,0,0,0,0,0,0,AND
2,7,0,0,0,0,0,0,0,0,0,0,0,0,2,0,0,0,0,0,0,0,0,0,0,0,AND
2,0,7,0,0,1,0,0,0,0,0,0,0,0,2,0,0,0,0,0,0,0,0,0,0,0,OR
2,6,0,0,0,0,0,0,0,0,0,0,0,0,2,0,0,0,0,0,0,0,0,0,0,0,AND
3,0,1,0,1,0,0,7,0,0,0,3,0,0,0,0,0,0,0,0,0,0,0,0,0,0,XOR
3,0,0,2,0,8,0,0,0,1,0,1,0,0,1,0,0,0,0,0,0,0,0,0,0,0,NAND
2,5,0,1,0,0,0,0,0,1,0,1,0,0,0,0,0,0,0,0,0,0,0,0,0,0,AND
3,0,0,0,9,0,0,0,0,0,0,2,0,0,0,0,0,0,0,0,1,0,0,0,0,0,NOR
2,0,8,1,0,0,0,0,0,0,0,2,0,0,0,0,0,0,0,0,0,0,0,0,0,0,OR
3,0,0,0,0,9,0,0,0,1,0,1,0,0,1,0,0,0,0,0,0,0,0,0,0,0,NOT
3,0,0,8,0,1,0,0,0,0,0,2,0,0,1,0,0,0,0,0,0,0,0,0,0,0,NAND
3,0,0,0,0,3,0,0,0,1,0,1,0,0,0,0,0,0,0,0,1,0,0,0,0,0,NOT
2,8,0,1,0,0,0,0,0,1,0,1,0,0,0,0,0,0,0,0,0,0,0,0,0,0,AND
3,0,0,0,0,8,0,0,0,1,0,1,0,0,1,0,0,0,0,0,0,0,0,0,0,0,NOT
2,7,0,0,0,0,0,0,0,1,0,1,0,0,0,0,0,0,0,0,0,0,0,0,0,0,AND
3,0,0,0,0,3,0,0,0,1,0,1,0,0,0,0,0,0,0,0,1,0,0,0,0,0,NOT
2,5,0,0,0,0,0,0,0,1,0,1,0,0,0,0,0,0,0,0,0,0,0,0,0,0,AND
2,0,1,0,2,0,0,0,0,0,0,2,0,0,0,0,0,0,0,0,0,0,0,0,0,0,OR
2,0,2,0,0,0,0,0,0,0,0,2,0,0,0,0,0,0,0,0,0,0,0,0,0,0,OR
3,0,0,0,0,0,0,4,0,1,0,2,0,0,0,0,0,0,0,0,0,0,0,0,0,0,XOR
2,6,0,1,0,0,0,0,0,1,0,1,0,0,0,0,0,0,0,0,0,0,0,0,0,0,AND
2,0,9,0,0,0,0,1,0,0,0,2,0,0,0,0,0,0,0,0,0,0,0,0,0,0,OR
3,0,0,1,0,6,0,0,0,1,0,1,0,0,0,0,0,0,0,0,1,0,0,0,0,0,NOT
2,8,0,1,0,0,0,0,0,1,0,1,0,0,0,0,0,0,0,0,0,0,0,0,0,0,AND
3,0,0,0,1,9,0,0,0,1,0,1,0,0,0,0,0,0,0,0,1,0,0,0,0,0,NOT
3,0,0,0,0,0,0,6,0,0,0,3,0,0,0,0,0,0,0,0,0,0,0,0,0,0,XOR
2,0,3,1,0,0,0,0,0,0,0,2,0,0,0,0,0,0,0,0,0,0,0,0,0,0,OR
3,0,0,5,0,3,0,0,0,1,0,1,0,0,0,0,0,0,0,0,1,0,0,0,0,0,NAND
2,5,0,0,0,0,0,0,0,1,0,1,0,0,0,0,0,0,0,0,0,0,0,0,0,0,AND
2,0,8,0,0,0,0,0,0,0,0,2,0,0,0,0,0,0,0,0,0,0,0,0,0,0,OR
3,0,0,1,0,8,0,0,0,1,0,0,0,0,0,0,0,0,0,0,2,0,0,0,0,0,NOT
2,7,0,0,0,0,0,0,0,1,0,1,0,0,0,0,0,0,0,0,0,0,0,0,0,0,AND
2,8,0,0,0,0,0,0,0,1,0,1,0,0,0,0,0,0,0,0,0,0,0,0,0,0,AND
2,2,3,0,0,0,0,0,0,0,0,2,0,0,0,0,0,0,0,0,0,0,0,0,0,0,OR
1,0,0,0,0,0,0,0,0,0,0,0,0,0,1,0,0,0,0,0,0,0,0,0,0,0,AND
2,1,0,1,0,0,0,0,0,2,0,0,0,0,0,0,0,0,0,0,0,0,0,0,0,0,LabelBox
2,1,0,0,0,0,0,0,0,2,0,0,0,0,0,0,0,0,0,0,0,0,0,0,0,0,LabelBox
3,0,4,0,0,0,0,2,0,3,0,0,0,0,0,0,0,0,0,0,0,0,0,0,0,0,XOR
2,0,0,0,0,9,0,0,0,1,0,0,0,0,1,0,0,0,0,0,0,0,0,0,0,0,NOT
2,7,0,0,0,0,0,0,0,2,0,0,0,0,0,0,0,0,0,0,0,0,0,0,0,0,AND
3,0,0,0,9,0,0,0,0,2,0,0,0,0,1,0,0,0,0,0,0,0,0,0,0,0,NOR
2,1,0,1,0,0,0,0,0,2,0,0,0,0,0,0,0,0,0,0,0,0,0,0,0,0,LabelBox
2,0,4,1,3,0,0,0,0,2,0,0,0,0,0,0,0,0,0,0,0,0,0,0,0,0,OR
2,0,0,0,0,10,0,0,0,1,0,0,0,0,1,0,0,0,0,0,0,0,0,0,0,0,NOT
3,0,0,6,1,0,0,0,0,2,0,0,0,0,1,0,0,0,0,0,0,0,0,0,0,0,NAND
2,0,0,1,0,0,0,0,0,0,0,0,0,0,0,0,0,0,0,0,2,0,0,0,0,0,LabelBox
2,1,0,2,0,0,0,0,0,0,0,0,0,0,0,0,0,0,0,0,2,0,0,0,0,0,LabelBox
3,1,0,2,0,0,0,0,0,1,0,0,0,0,0,0,0,0,0,0,2,0,0,0,0,0,LabelBox
3,0,0,1,0,9,0,0,0,2,0,0,0,0,1,0,0,0,0,0,0,0,0,0,0,0,NOT
2,8,0,0,0,0,0,0,0,2,0,0,0,0,0,0,0,0,0,0,0,0,0,0,0,0,AND
2,0,0,0,0,0,0,0,0,0,0,0,0,0,0,0,0,0,0,0,2,0,0,0,0,0,LabelBox
2,0,0,0,0,9,0,0,0,1,0,0,0,0,1,0,0,0,0,0,0,0,0,0,0,0,NOT
2,3,0,4,0,0,0,0,0,2,0,0,0,0,0,0,0,0,0,0,0,0,0,0,0,0,AND
2,0,5,0,0,0,0,0,0,2,0,0,0,0,0,0,0,0,0,0,0,0,0,0,0,0,OR
2,0,0,1,0,6,0,0,0,0,0,0,0,0,0,0,0,0,0,0,2,0,0,0,0,0,LabelBox
2,0,0,0,0,10,0,0,0,1,0,0,0,0,1,0,0,0,0,0,0,0,0,0,0,0,NOT
2,5,0,0,0,0,0,0,0,2,0,0,0,0,0,0,0,0,0,0,0,0,0,0,0,0,AND
2,1,1,0,0,0,0,0,0,2,0,0,0,0,0,0,0,0,0,0,0,0,0,0,0,0,OR
3,0,3,0,0,0,0,7,0,3,0,0,0,0,0,0,0,0,0,0,0,0,0,0,0,0,XOR
3,0,0,0,0,0,0,0,0,1,0,0,0,0,0,0,0,0,0,0,2,0,0,0,0,0,LabelBox
2,0,0,1,0,0,0,0,0,0,0,0,0,0,0,0,0,0,0,0,2,0,0,0,0,0,LabelBox
2,0,0,2,0,1,0,0,0,0,0,0,0,0,0,0,0,0,0,0,2,0,0,0,0,0,LabelBox
2,0,0,4,0,0,0,0,0,0,0,0,0,0,0,0,0,0,0,0,2,0,0,0,0,0,LabelBox
2,8,0,0,0,0,0,0,0,2,0,0,0,0,0,0,0,0,0,0,0,0,0,0,0,0,AND
3,0,0,0,1,8,0,0,0,1,0,0,0,0,1,0,0,0,0,0,1,0,0,0,0,0,NOT
2,1,8,0,0,0,0,0,0,2,0,0,0,0,0,0,0,0,0,0,0,0,0,0,0,0,OR
2,0,0,0,0,10,0,0,0,1,0,0,0,0,1,0,0,0,0,0,0,0,0,0,0,0,NOT
2,8,0,0,0,0,0,0,0,2,0,0,0,0,0,0,0,0,0,0,0,0,0,0,0,0,AND
2,7,0,0,0,0,0,0,0,2,0,0,0,0,0,0,0,0,0,0,0,0,0,0,0,0,AND
2,2,3,0,0,0,0,0,0,2,0,0,0,0,0,0,0,0,0,0,0,0,0,0,0,0,OR
2,6,0,0,0,0,0,0,0,2,0,0,0,0,0,0,0,0,0,0,0,0,0,0,0,0,AND
2,0,0,1,1,3,0,0,0,0,0,0,0,0,0,0,0,0,0,0,2,0,0,0,0,0,LabelBox
2,1,0,5,0,0,0,0,0,0,0,0,0,0,0,0,0,0,0,0,2,0,0,0,0,0,LabelBox
2,0,0,7,1,0,0,0,0,0,0,1,0,0,0,0,0,0,0,0,1,0,0,0,0,0,LabelBox
3,0,0,7,2,0,0,0,0,2,0,0,0,0,1,0,0,0,0,0,0,0,0,0,0,0,NAND
2,0,0,1,1,0,0,0,0,0,0,0,0,0,0,0,0,0,0,0,2,0,0,0,0,0,LabelBox
2,4,2,0,0,0,0,0,0,2,0,0,0,0,0,0,0,0,0,0,0,0,0,0,0,0,OR
4,0,0,7,1,0,0,0,0,3,0,0,0,0,1,0,0,0,0,0,0,0,0,0,0,0,NAND
3,0,5,0,0,0,0,2,0,3,0,0,0,0,0,0,0,0,0,0,0,0,0,0,0,0,XOR
2,1,2,0,0,0,0,0,0,2,0,0,0,0,0,0,0,0,0,0,0,0,0,0,0,0,OR
2,0,0,1,2,0,0,0,0,0,0,0,0,0,0,0,0,0,0,0,2,0,0,0,0,0,LabelBox
1,0,0,10,0,0,0,0,0,1,0,0,0,0,0,0,0,0,0,0,0,0,0,0,0,0,LabelBox
2,1,0,3,0,0,1,0,0,2,0,0,0,0,0,0,0,0,0,0,0,0,0,0,0,0,LabelBox
3,0,0,0,0,0,0,6,0,3,0,0,0,0,0,0,0,0,0,0,0,0,0,0,0,0,XOR
2,0,0,0,0,5,0,0,0,1,0,0,0,0,1,0,0,0,0,0,0,0,0,0,0,0,NOT
2,9,0,0,0,0,0,0,0,2,0,0,0,0,0,0,0,0,0,0,0,0,0,0,0,0,AND
3,0,0,7,1,2,0,0,0,2,0,0,0,0,1,0,0,0,0,0,0,0,0,0,0,0,NOR
1,0,0,0,0,0,0,0,0,1,0,0,0,0,0,0,0,0,0,0,0,0,0,0,0,0,LabelBox
2,0,3,0,0,0,0,0,0,2,0,0,0,0,0,0,0,0,0,0,0,0,0,0,0,0,OR
2,0,0,0,0,4,0,0,0,1,0,0,0,0,1,0,0,0,0,0,0,0,0,0,0,0,NOT
3,5,0,0,0,0,0,0,0,2,0,0,0,0,0,0,0,1,0,0,0,0,0,0,0,0,NAND
1,0,0,4,0,0,0,0,0,0,0,0,0,0,0,0,0,1,0,0,0,0,0,0,0,0,LabelBox
2,0,0,1,0,0,0,0,0,2,0,0,0,0,0,0,0,0,0,0,0,0,0,0,0,0,LabelBox
2,2,0,0,0,0,3,0,0,2,0,0,0,0,0,0,0,0,0,0,0,0,0,0,0,0,LabelBox
2,8,0,0,0,0,0,0,0,2,0,0,0,0,0,0,0,0,0,0,0,0,0,0,0,0,AND
2,0,0,0,0,10,0,0,0,0,0,0,0,0,1,0,0,1,0,0,0,0,0,0,0,0,NOT
2,0,6,0,1,0,0,0,0,2,0,0,0,0,0,0,0,0,0,0,0,0,0,0,0,0,OR
2,8,0,0,0,0,0,0,0,2,0,0,0,0,0,0,0,0,0,0,0,0,0,0,0,0,AND
1,0,0,6,0,0,2,0,0,1,0,0,0,0,0,0,0,0,0,0,0,0,0,0,0,0,LabelBox
2,0,0,0,0,7,0,0,0,0,0,0,0,0,0,0,0,2,0,0,0,0,0,0,0,0,NOT
2,6,0,0,0,0,1,0,0,2,0,0,0,0,0,0,0,0,0,0,0,0,0,0,0,0,AND
1,0,0,1,0,0,0,0,0,0,0,0,0,0,0,0,0,1,0,0,0,0,0,0,0,0,LabelBox
2,0,0,0,0,8,0,0,0,0,0,0,0,0,1,0,0,1,0,0,0,0,0,0,0,0,NOT
2,0,4,0,3,0,0,0,0,2,0,0,0,0,0,0,0,0,0,0,0,0,0,0,0,0,OR
4,0,0,0,0,0,0,6,0,3,0,0,0,0,0,0,0,0,0,0,1,0,0,0,0,0,XOR
1,0,0,4,0,3,0,0,0,0,0,0,0,0,0,0,0,1,0,0,0,0,0,0,0,0,LabelBox
2,0,0,10,0,0,0,0,0,2,0,0,0,0,0,0,0,0,0,0,0,0,0,0,0,0,LabelBox
2,0,0,6,0,1,0,0,0,1,0,1,0,0,0,0,0,0,0,0,0,0,0,0,0,0,LabelBox
1,0,0,10,0,0,0,0,0,1,0,0,0,0,0,0,0,0,0,0,0,0,0,0,0,0,LabelBox
2,7,0,0,0,0,0,0,0,2,0,0,0,0,0,0,0,0,0,0,0,0,0,0,0,0,AND
2,0,3,0,0,0,0,0,0,2,0,0,0,0,0,0,0,0,0,0,0,0,0,0,0,0,OR
2,3,3,0,0,0,0,0,0,2,0,0,0,0,0,0,0,0,0,0,0,0,0,0,0,0,AND
2,0,0,0,0,9,0,0,0,0,0,0,0,0,1,0,0,1,0,0,0,0,0,0,0,0,NOT
2,0,0,0,0,5,0,0,0,0,0,0,0,0,0,0,0,2,0,0,0,0,0,0,0,0,NOT
3,0,0,0,1,0,0,2,0,3,0,0,0,0,0,0,0,0,0,0,0,0,0,0,0,0,XOR
2,0,6,0,0,0,0,0,0,2,0,0,0,0,0,0,0,0,0,0,0,0,0,0,0,0,OR
2,0,0,9,0,0,0,0,0,2,0,0,0,0,0,0,0,0,0,0,0,0,0,0,0,0,LabelBox
2,1,0,4,2,0,1,0,0,2,0,0,0,0,0,0,0,0,0,0,0,0,0,0,0,0,LabelBox
2,1,0,4,0,0,1,0,0,2,0,0,0,0,0,0,0,0,0,0,0,0,0,0,0,0,LabelBox
2,7,0,0,0,0,0,0,0,2,0,0,0,0,0,0,0,0,0,0,0,0,0,0,0,0,AND
2,0,0,0,0,8,0,0,0,1,0,0,0,0,1,0,0,0,0,0,0,0,0,0,0,0,NOT
2,0,4,0,3,0,0,0,0,2,0,0,0,0,0,0,0,0,0,0,0,0,0,0,0,0,OR
2,0,0,0,1,3,0,0,0,0,0,0,0,0,1,0,0,1,0,0,0,0,0,0,0,0,NOT
2,2,1,0,0,0,0,0,0,2,0,0,0,0,0,0,0,0,0,0,0,0,0,0,0,0,AND
1,1,0,0,0,0,0,0,0,1,0,0,0,0,0,0,0,0,0,0,0,0,0,0,0,0,AND
2,0,2,0,0,0,0,0,0,2,0,0,0,0,0,0,0,0,0,0,0,0,0,0,0,0,OR
2,8,0,0,0,0,0,0,0,2,0,0,0,0,0,0,0,0,0,0,0,0,0,0,0,0,AND
4,0,0,0,0,0,0,8,0,0,0,2,1,1,0,0,0,0,0,0,0,0,0,0,0,0,XOR
4,0,0,1,2,7,0,0,0,1,0,0,0,0,1,1,1,0,0,0,0,0,0,0,0,0,NOT
2,2,0,0,0,0,0,0,0,0,1,1,0,0,0,0,0,0,0,0,0,0,0,0,0,0,AND
3,0,5,0,0,0,0,0,0,0,1,0,1,1,0,0,0,0,0,0,0,0,0,0,0,0,OR
4,0,0,0,8,1,0,0,0,0,1,0,1,1,1,0,0,0,0,0,0,0,0,0,0,0,NOR
4,0,0,0,3,7,0,0,0,0,0,1,1,0,1,0,1,0,0,0,0,0,0,0,0,0,NOT
3,0,0,1,0,0,0,0,0,0,1,1,0,0,1,0,0,0,0,0,0,0,0,0,0,0,NAND
4,0,0,0,2,8,0,0,0,1,0,0,0,0,1,0,1,0,0,0,0,0,0,0,0,0,NOT
4,0,0,1,1,7,0,0,0,0,0,1,1,0,1,0,1,0,0,0,0,0,0,0,0,0,NOT
4,0,0,1,3,6,0,0,0,0,0,1,1,0,1,0,1,0,0,0,0,0,0,0,0,0,NOT
2,4,0,0,0,0,0,0,0,0,1,1,0,0,0,0,0,0,0,0,0,0,0,0,0,0,AND
2,6,0,0,0,0,0,0,0,0,1,1,0,0,0,0,0,0,0,0,0,0,0,0,0,0,AND
2,0,0,0,0,0,0,0,0,0,1,1,0,0,0,0,0,0,0,0,0,0,0,0,0,0,AND
3,1,5,0,0,0,0,0,0,0,0,1,1,1,0,0,0,0,0,0,0,0,0,0,0,0,OR
3,0,0,0,0,0,0,0,0,0,1,0,1,1,0,0,0,0,0,0,0,0,0,0,0,0,OR
4,0,0,0,0,0,0,8,0,0,1,1,1,1,0,0,0,0,0,0,0,0,0,0,0,0,XOR
2,4,0,0,0,0,0,0,0,0,1,1,0,0,0,0,0,0,0,0,0,0,0,0,0,0,AND
4,0,0,1,1,5,0,0,0,1,0,0,1,0,1,0,1,0,0,0,0,0,0,0,0,0,NOT
3,0,0,0,0,0,0,0,0,0,1,0,1,1,0,0,0,0,0,0,0,0,0,0,0,0,OR
4,0,0,0,1,7,0,0,0,1,0,0,0,0,1,1,1,0,0,0,0,0,0,0,0,0,NOT
2,1,1,0,0,0,0,0,0,0,1,1,0,0,0,0,0,0,0,0,0,0,0,0,0,0,AND
2,1,1,0,0,0,0,0,0,0,1,1,0,0,0,0,0,0,0,0,0,0,0,0,0,0,AND
3,0,5,0,0,0,0,0,0,0,1,1,1,0,0,0,0,0,0,0,0,0,0,0,0,0,OR
2,5,0,0,0,0,0,0,0,0,1,1,0,0,0,0,0,0,0,0,0,0,0,0,0,0,AND
2,3,1,0,0,0,0,0,0,0,1,1,0,0,0,0,0,0,0,0,0,0,0,0,0,0,AND
4,0,0,0,8,0,0,0,0,0,1,0,1,1,1,0,0,0,0,0,0,0,0,0,0,0,NOR
3,0,0,5,0,0,0,0,0,0,1,1,0,0,1,0,0,0,0,0,0,0,0,0,0,0,NAND
4,0,0,0,0,0,0,9,0,0,1,1,1,1,0,0,0,0,0,0,0,0,0,0,0,0,XOR
3,0,8,0,0,0,0,0,0,0,1,0,1,1,0,0,0,0,0,0,0,0,0,0,0,0,OR
4,0,0,0,0,0,0,6,0,0,0,2,0,1,0,1,0,0,0,0,0,0,0,0,0,0,XOR
4,0,0,0,2,4,0,0,0,0,0,1,0,0,1,1,0,0,0,0,0,0,0,0,0,0,NOT
4,0,3,0,5,0,0,0,0,0,1,0,1,0,1,1,0,0,0,0,0,0,0,0,0,0,NOR
2,1,0,0,0,0,1,0,0,1,1,0,0,0,0,0,0,0,0,0,0,0,0,0,0,0,AND
3,0,5,0,1,0,0,0,0,0,1,0,0,0,0,2,0,0,0,0,0,0,0,0,0,0,OR
4,0,0,0,3,5,0,0,0,1,0,0,0,0,1,1,1,0,0,0,0,0,0,0,0,0,NOT
3,0,0,3,1,0,0,0,0,0,1,1,0,0,1,0,0,0,0,0,0,0,0,0,0,0,NAND
2,5,0,0,0,0,2,0,0,0,1,1,0,0,0,0,0,0,0,0,0,0,0,0,0,0,AND
4,0,0,0,2,4,0,0,0,1,0,0,0,0,1,2,0,0,0,0,0,0,0,0,0,0,NOT
2,3,1,0,0,0,0,0,0,0,1,1,0,0,0,0,0,0,0,0,0,0,0,0,0,0,AND
4,0,0,0,2,7,0,0,0,1,0,0,0,0,1,1,0,0,0,0,0,0,0,0,0,0,NOT
2,3,0,2,0,0,0,0,0,1,1,0,0,0,0,0,0,0,0,0,0,0,0,0,0,0,AND
4,0,0,0,1,6,0,0,0,1,0,0,0,1,1,0,1,0,0,0,0,0,0,0,0,0,NOT
3,0,3,1,0,0,0,0,0,0,1,0,0,1,0,1,0,0,0,0,0,0,0,0,0,0,OR
3,0,4,0,1,0,0,0,0,0,1,0,1,1,0,0,0,0,0,0,0,0,0,0,0,0,OR
5,0,1,0,2,0,0,3,0,0,2,0,0,1,0,2,0,0,0,0,0,0,0,0,0,0,XOR
2,2,0,0,0,0,1,0,0,0,1,1,0,0,0,0,0,0,0,0,0,0,0,0,0,0,AND
3,0,6,0,2,0,0,0,0,0,1,0,0,0,0,2,0,0,0,0,0,0,0,0,0,0,OR
2,4,0,0,0,0,1,0,0,0,1,1,0,0,0,0,0,0,0,0,0,0,0,0,0,0,AND
3,0,0,1,0,0,0,4,0,0,2,0,0,0,0,1,0,0,0,0,0,0,0,0,0,0,XOR
3,2,2,0,0,0,0,0,0,0,0,1,0,0,0,2,0,0,0,0,0,0,0,0,0,0,OR
3,0,0,0,1,3,0,0,0,0,1,1,0,0,1,0,0,0,0,0,0,0,0,0,0,0,NOT
2,7,0,0,0,0,2,0,0,0,1,1,0,0,0,0,0,0,0,0,0,0,0,0,0,0,AND
3,0,6,0,1,0,0,0,0,0,1,0,0,0,0,2,0,0,0,0,0,0,0,0,0,0,OR
3,0,0,0,4,0,0,0,0,1,1,0,0,0,1,0,0,0,0,0,0,0,0,0,0,0,NOT
2,7,0,0,0,0,2,0,0,0,1,1,0,0,0,0,0,0,0,0,0,0,0,0,0,0,AND
2,4,0,0,0,0,1,0,0,0,1,1,0,0,0,0,0,0,0,0,0,0,0,0,0,0,AND
3,2,0,0,0,0,0,0,0,0,0,1,0,0,0,2,0,0,0,0,0,0,0,0,0,0,OR
2,5,1,0,0,0,2,0,0,0,1,1,0,0,0,0,0,0,0,0,0,0,0,0,0,0,AND
3,0,1,0,0,0,0,0,0,1,0,1,0,0,0,0,0,0,1,0,0,0,0,0,0,0,XOR
2,2,0,0,0,0,1,0,0,1,0,0,0,0,0,0,0,0,1,0,0,0,0,0,0,0,AND
2,0,0,0,0,6,0,0,0,0,0,0,0,0,2,0,0,0,0,0,0,0,0,0,0,0,NOT
3,0,0,2,6,1,0,0,0,0,0,1,0,0,1,0,0,0,1,0,0,0,0,0,0,0,NOR
2,0,3,0,0,0,0,0,0,0,0,1,0,0,0,0,0,0,1,0,0,0,0,0,0,0,OR
2,0,0,3,0,6,0,0,0,0,0,0,0,0,2,0,0,0,0,0,0,0,0,0,0,0,NOT
3,0,0,4,0,0,0,0,0,1,0,0,0,0,1,0,0,0,1,0,0,0,0,0,0,0,NAND
2,0,0,0,0,0,1,0,0,1,0,0,0,0,0,0,0,0,1,0,0,0,0,0,0,0,AND
2,0,0,0,0,4,0,0,0,0,0,0,0,0,2,0,0,0,0,0,0,0,0,0,0,0,NOT
2,4,0,0,0,0,0,0,0,1,0,0,0,0,0,0,0,0,1,0,0,0,0,0,0,0,AND
2,0,0,0,0,7,0,0,0,0,0,0,0,0,2,0,0,0,0,0,0,0,0,0,0,0,NOT
2,4,0,1,0,0,0,0,0,1,0,0,0,0,0,0,0,0,1,0,0,0,0,0,0,0,AND
2,0,0,1,0,7,0,0,0,0,0,0,0,0,2,0,0,0,0,0,0,0,0,0,0,0,NOT
2,0,2,0,0,0,0,0,0,0,0,1,0,0,0,0,0,0,1,0,0,0,0,0,0,0,OR
3,0,2,0,0,0,0,2,0,0,0,1,0,0,0,0,0,0,2,0,0,0,0,0,0,0,XOR
2,0,3,0,6,0,0,0,0,0,0,0,0,0,0,0,0,0,2,0,0,0,0,0,0,0,OR
2,0,0,0,0,0,0,0,0,0,0,0,0,0,0,0,0,0,1,0,1,0,0,0,0,0,AND
3,0,0,0,0,0,0,0,0,0,0,0,0,0,1,0,0,0,1,0,1,0,0,0,0,0,NOR
3,0,0,0,0,0,0,0,0,0,0,0,0,0,1,0,0,0,1,0,1,0,0,0,0,0,NAND
4,0,0,0,0,0,0,0,0,0,0,0,0,0,0,0,0,0,1,0,3,0,0,0,0,0,XOR
2,0,0,3,0,1,0,0,0,0,0,0,0,0,0,0,1,0,0,0,1,0,0,0,0,0,OR
2,0,0,0,0,0,0,0,0,0,0,0,0,0,0,0,0,0,1,0,1,0,0,0,0,0,OR
2,0,0,0,0,0,0,0,0,0,0,0,0,0,2,0,0,0,0,0,0,0,0,0,0,0,NOT
2,0,0,0,0,0,0,0,0,0,0,0,0,0,0,0,0,0,1,0,1,0,0,0,0,0,AND
2,0,2,0,0,0,0,0,0,0,0,0,0,0,0,0,0,0,1,0,1,0,0,0,0,0,OR
1,0,0,0,0,0,2,0,0,0,0,0,0,0,1,0,0,0,0,0,0,0,0,0,0,0,NOTBUBBLE
2,0,0,0,0,0,0,0,0,0,0,0,0,0,0,0,0,0,0,0,2,0,0,0,0,0,AND
2,1,0,0,0,0,0,0,0,0,0,0,0,0,0,0,0,0,1,0,1,0,0,0,0,0,AND
3,0,0,0,0,0,0,0,0,0,0,0,0,0,1,0,0,0,1,0,1,0,0,0,0,0,OR
2,0,1,0,0,0,0,0,0,0,0,0,0,0,0,0,0,0,1,0,1,0,0,0,0,0,OR
2,0,0,0,0,0,0,0,0,0,0,0,0,0,1,0,0,0,1,0,0,0,0,0,0,0,AND
3,0,4,0,0,0,0,2,0,2,0,1,0,0,0,0,0,0,0,0,0,0,0,0,0,0,XOR
5,0,0,1,0,6,0,0,0,2,0,0,0,0,0,0,0,0,1,2,0,0,0,0,0,0,NOT
2,2,0,0,0,0,1,0,0,2,0,0,0,0,0,0,0,0,0,0,0,0,0,0,0,0,AND
4,0,0,3,2,1,0,0,0,2,0,0,0,0,0,0,0,0,1,1,0,0,0,0,0,0,NOR
2,0,2,0,0,0,0,0,0,1,0,1,0,0,0,0,0,0,0,0,0,0,0,0,0,0,OR
3,2,0,2,0,0,0,0,0,2,0,0,0,0,0,0,0,0,1,0,0,0,0,0,0,0,NAND
4,0,0,0,0,4,0,0,0,1,0,1,0,0,0,0,0,0,0,2,0,0,0,0,0,0,NOT
3,1,0,0,0,0,2,0,0,1,0,0,0,0,0,0,0,0,0,2,0,0,0,0,0,0,AND
4,0,0,4,0,2,0,0,0,1,0,0,0,0,0,0,0,0,0,3,0,0,0,0,0,0,NOT
2,0,0,0,0,0,1,0,0,1,0,1,0,0,0,0,0,0,0,0,0,0,0,0,0,0,AND
4,0,0,0,0,2,0,0,0,1,0,2,0,0,0,0,0,0,0,1,0,0,0,0,0,0,NOT
2,0,0,0,0,0,1,0,0,1,0,1,0,0,0,0,0,0,0,0,0,0,0,0,0,0,AND
4,0,0,1,0,0,0,0,0,1,0,0,0,0,0,0,0,0,0,3,0,0,0,0,0,0,NOT
2,0,3,0,0,0,0,0,0,1,0,1,0,0,0,0,0,0,0,0,0,0,0,0,0,0,OR
2,0,2,1,0,0,0,0,0,2,0,0,0,0,0,0,0,0,0,0,0,0,0,0,0,0,OR
3,0,0,0,0,0,0,8,0,2,0,1,0,0,0,0,0,0,0,0,0,0,0,0,0,0,XOR
1,0,0,0,0,0,0,0,0,1,0,0,0,0,0,0,0,0,0,0,0,0,0,0,0,0,AND
3,0,0,0,3,0,0,0,0,0,0,2,0,0,0,0,0,0,0,1,0,0,0,0,0,0,NOR
2,0,0,4,0,0,0,0,0,0,0,2,0,0,0,0,0,0,0,0,0,0,0,0,0,0,NAND
3,0,0,0,0,0,0,0,0,0,0,1,0,0,0,0,0,0,0,2,0,0,0,0,0,0,XOR
2,0,1,0,0,0,0,0,0,0,0,1,0,0,0,0,0,0,0,1,0,0,0,0,0,0,OR
3,0,0,0,0,8,0,0,0,2,0,1,0,0,0,0,0,0,0,0,0,0,0,0,0,0,NOT
3,0,0,1,1,6,0,0,0,1,0,2,0,0,0,0,0,0,0,0,0,0,0,0,0,0,NOT
4,0,0,0,0,8,0,0,0,1,0,0,0,0,0,0,0,0,0,3,0,0,0,0,0,0,NOT
3,0,0,0,0,0,0,0,0,0,0,1,0,0,0,0,0,0,0,2,0,0,0,0,0,0,AND
3,0,2,0,0,0,0,0,0,2,0,1,0,0,0,0,0,0,0,0,0,0,0,0,0,0,OR
2,1,0,0,0,0,0,0,0,0,0,1,0,0,0,0,0,0,0,1,0,0,0,0,0,0,AND
2,0,0,0,0,0,1,0,0,0,0,1,0,0,0,0,0,0,0,1,0,0,0,0,0,0,AND
2,0,3,0,0,0,0,0,0,1,0,1,0,0,0,0,0,0,0,0,0,0,0,0,0,0,OR
2,2,0,0,0,0,0,0,0,0,0,0,0,0,0,0,0,0,0,2,0,0,0,0,0,0,AND
3,0,0,0,0,0,0,7,0,3,0,0,0,0,0,0,0,0,0,0,0,0,0,0,0,0,XOR
2,1,0,1,0,0,0,0,0,2,0,0,0,0,0,0,0,0,0,0,0,0,0,0,0,0,AND
2,0,3,0,0,0,0,1,0,2,0,0,0,0,0,0,0,0,0,0,0,0,0,0,0,0,OR
3,0,0,0,0,5,0,0,0,2,0,0,0,0,0,0,0,0,0,0,1,0,0,0,0,0,NOT
3,0,0,2,0,0,0,0,0,2,0,0,0,0,0,0,0,0,0,0,1,0,0,0,0,0,NAND
3,0,0,0,0,8,0,0,0,1,0,0,0,0,0,0,0,0,0,0,2,0,0,0,0,0,NOT
3,0,0,0,6,0,0,0,0,1,0,1,0,0,0,0,0,0,0,0,1,0,0,0,0,0,NOR
2,1,0,1,0,0,0,0,0,2,0,0,0,0,0,0,0,0,0,0,0,0,0,0,0,0,AND
3,0,0,0,0,7,0,0,0,0,0,0,0,0,0,0,0,0,0,0,3,0,0,0,0,0,NOT
2,0,0,1,0,0,0,0,0,2,0,0,0,0,0,0,0,0,0,0,0,0,0,0,0,0,AND
3,0,0,2,0,1,0,0,0,0,0,0,0,0,0,0,0,0,0,0,3,0,0,0,0,0,NOT
2,0,0,0,0,0,0,0,0,2,0,0,0,0,0,0,0,0,0,0,0,0,0,0,0,0,AND
3,0,0,0,0,8,0,0,0,0,0,0,0,0,0,0,0,0,0,0,3,0,0,0,0,0,NOT
3,0,0,0,0,0,0,1,0,2,0,0,0,0,0,0,0,0,0,0,1,0,0,0,0,0,OR
2,0,5,0,0,0,0,1,0,2,0,0,0,0,0,0,0,0,0,0,0,0,0,0,0,0,OR
3,0,1,0,0,0,0,6,0,3,0,0,0,0,0,0,0,0,0,0,0,0,0,0,0,0,XOR
3,0,0,0,1,5,0,0,0,0,0,0,0,0,0,0,0,0,0,0,3,0,0,0,0,0,NOT
3,4,0,0,0,0,0,0,0,3,0,0,0,0,0,0,0,0,0,0,0,0,0,0,0,0,AND
2,0,2,0,0,0,0,0,0,2,0,0,0,0,0,0,0,0,0,0,0,0,0,0,0,0,OR
3,0,0,0,0,8,0,0,0,1,0,0,0,0,0,0,0,0,0,0,2,0,0,0,0,0,NOT
2,0,0,1,0,0,0,0,0,2,0,0,0,0,0,0,0,0,0,0,0,0,0,0,0,0,AND
2,1,0,2,2,0,0,0,0,2,0,0,0,0,0,0,0,0,0,0,0,0,0,0,0,0,AND
2,1,0,0,0,0,0,0,0,2,0,0,0,0,0,0,0,0,0,0,0,0,0,0,0,0,OR
2,4,0,0,0,0,0,0,0,1,0,1,0,0,0,0,0,0,0,0,0,0,0,0,0,0,AND
2,3,0,0,0,0,0,0,0,2,0,0,0,0,0,0,0,0,0,0,0,0,0,0,0,0,AND
3,0,0,1,3,0,0,0,0,2,0,0,0,0,0,0,0,0,0,0,1,0,0,0,0,0,NOR
4,0,0,0,0,0,0,4,0,3,0,0,0,0,0,0,0,0,0,0,1,0,0,0,0,0,XOR
3,0,0,0,0,5,0,0,0,0,0,0,0,0,0,0,0,0,0,0,3,0,0,0,0,0,NOT
3,0,0,0,0,0,0,0,0,1,0,0,0,0,0,0,0,0,0,0,2,0,0,0,0,0,NOT
2,2,0,0,0,0,0,0,0,2,0,0,0,0,0,0,0,0,0,0,0,0,0,0,0,0,AND
2,3,1,0,0,0,0,0,0,2,0,0,0,0,0,0,0,0,0,0,0,0,0,0,0,0,OR
3,0,0,0,0,0,0,6,0,3,0,0,0,0,0,0,0,0,0,0,0,0,0,0,0,0,XOR
2,4,0,0,0,0,0,0,0,2,0,0,0,0,0,0,0,0,0,0,0,0,0,0,0,0,AND
3,0,0,0,0,0,0,5,0,1,0,1,0,0,1,0,0,0,0,0,0,0,0,0,0,0,XOR
3,0,0,0,0,6,0,0,0,1,0,0,0,0,1,0,0,0,0,0,0,0,0,0,0,0,NOT
3,0,0,4,0,0,0,0,0,1,1,0,0,0,1,0,0,0,0,0,0,0,0,0,0,0,NAND
3,0,0,1,0,2,0,0,0,1,1,0,0,0,1,0,0,0,0,0,0,0,0,0,0,0,NOT
3,0,0,1,6,0,0,0,0,2,0,0,0,0,1,0,0,0,0,0,0,0,0,0,0,0,NOR
3,2,0,0,0,0,3,0,0,3,0,0,0,0,0,0,0,0,0,0,0,0,0,0,0,0,AND
3,0,0,1,0,7,0,0,0,2,0,0,0,0,0,0,0,0,0,1,0,0,0,0,0,0,NOT
2,2,0,0,0,0,3,0,0,1,1,0,0,0,0,0,0,0,0,0,0,0,0,0,0,0,AND
3,0,0,0,0,5,0,0,0,3,0,0,0,0,0,0,0,0,0,0,0,0,0,0,0,0,NOT
2,1,0,0,0,0,2,0,0,2,0,0,0,0,0,0,0,0,0,0,0,0,0,0,0,0,AND
3,0,0,6,0,2,0,0,0,2,0,0,0,0,1,0,0,0,0,0,0,0,0,0,0,0,NOT
2,1,0,0,0,0,0,0,0,2,0,0,0,0,0,0,0,0,0,0,0,0,0,0,0,0,OR
2,0,0,0,0,0,0,0,0,2,0,0,0,0,0,0,0,0,0,0,0,0,0,0,0,0,OR
3,0,0,0,0,0,0,0,0,3,0,0,0,0,0,0,0,0,0,0,0,0,0,0,0,0,XOR
2,4,0,0,0,0,1,0,0,1,1,0,0,0,0,0,0,0,0,0,0,0,0,0,0,0,AND
2,0,6,0,0,0,0,0,0,1,0,0,0,0,1,0,0,0,0,0,0,0,0,0,0,0,OR
3,0,0,1,0,5,0,0,0,2,0,0,0,0,0,0,0,0,0,0,1,0,0,0,0,0,NOT
2,1,0,0,0,0,1,0,0,2,0,0,0,0,0,0,0,0,0,0,0,0,0,0,0,0,AND
3,0,0,0,0,0,0,5,0,0,1,1,0,0,0,1,0,0,0,0,0,0,0,0,0,0,XOR
2,0,3,0,0,0,0,0,0,2,0,0,0,0,0,0,0,0,0,0,0,0,0,0,0,0,OR
4,0,4,0,0,0,0,0,0,2,0,0,0,0,0,1,0,0,0,1,0,0,0,0,0,0,OR
3,0,0,5,0,3,0,0,0,1,1,0,0,0,1,0,0,0,0,0,0,0,0,0,0,0,NOT
2,3,0,0,0,0,1,0,0,2,0,0,0,0,0,0,0,0,0,0,0,0,0,0,0,0,AND
2,0,0,0,0,0,0,0,0,2,0,0,0,0,0,0,0,0,0,0,0,0,0,0,0,0,OR
2,3,0,0,0,0,0,0,0,1,1,0,0,0,0,0,0,0,0,0,0,0,0,0,0,0,AND
3,0,0,7,0,0,0,0,0,2,0,0,0,0,0,0,0,0,0,1,0,0,0,0,0,0,NOT
2,4,0,0,0,0,0,0,0,2,0,0,0,0,0,0,0,0,0,0,0,0,0,0,0,0,AND
3,0,0,1,0,0,2,0,0,1,1,0,0,0,1,0,0,0,0,0,0,0,0,0,0,0,AND
2,0,1,0,0,0,0,0,0,2,0,0,0,0,0,0,0,0,0,0,0,0,0,0,0,0,OR
