=== Run information ===	

Scheme:       weka.classifiers.bayes.NaiveBayes 	
Relation:     DigitalCircuitsComboRecognizer-weka.filters.unsupervised.attribute.Remove-R2	28-61
Instances:    1640	
Attributes:   27	
              NumStrokes	
              Image_AND	
              Image_OR	
              Image_NAND	
              Image_NOR	
              Image_NOT	
              Image_NOTBUBBLE	
              Image_XOR	
              Image_LabelBox	
              Rubine_BackLine	
              Rubine_FrontArc
              Rubine_BackArc
              Rubine_TopArc
              Rubine_BottomArc
              Rubine_Bubble
              Rubine_TopLine
              Rubine_BottomLine
              Rubine_Triangle
              Rubine_GreaterThan
              Rubine_TouchUp
              Rubine_Junk
              Rubine_LabelBoxOther
              Rubine_Not_V
              Rubine_Not_Hat
              Rubine_Entire_OR
              Rubine_Entire_AND
              class											
Test mode:    10-fold cross-validation											

=== Predictions on test data ===											

 inst#	    actual	 predicted	 error	 probability distribution							
				AND	OR	NAND	NOR	NOT	NOTBUBBLE	XOR	LabelBox
1	5:NOT	5:NOT		0	0	0.089	0	0.91	0	0	0.001
2	5:NOT	5:NOT		0	0	0	0	1	0	0	0
3	5:NOT	5:NOT		0	0	0	0	1	0	0	0
4	5:NOT	5:NOT		0	0	0	0	1	0	0	0
5	5:NOT	5:NOT		0	0	0	0	1	0	0	0
6	5:NOT	5:NOT		0.001	0	0	0	0.508	0	0	0.49
7	5:NOT	5:NOT		0	0	0	0	1	0	0	0
8	5:NOT	5:NOT		0	0	0	0	1	0	0	0
9	5:NOT	5:NOT		0	0	0	0	1	0	0	0
10	5:NOT	5:NOT		0	0	0	0	1	0	0	0
11	5:NOT	5:NOT		0	0	0	0	1	0	0	0
12	5:NOT	5:NOT		0	0	0	0	1	0	0	0
13	5:NOT	5:NOT		0	0	0	0	0.997	0	0	0.003
14	5:NOT	5:NOT		0	0	0	0	1	0	0	0
15	5:NOT	5:NOT		0	0	0	0	1	0	0	0
16	5:NOT	5:NOT		0	0	0.001	0	0.999	0	0	0.001
17	5:NOT	5:NOT		0	0	0	0	1	0	0	0
18	5:NOT	5:NOT		0	0	0	0	1	0	0	0
19	5:NOT	3:NAND	+	0.013	0.021	0.82	0	0.127	0	0	0.019
20	5:NOT	5:NOT		0	0	0	0	1	0	0	0
21	5:NOT	5:NOT		0	0	0	0	1	0	0	0
22	5:NOT	5:NOT		0	0	0	0	1	0	0	0
23	5:NOT	8:LabelBox	+	0.104	0.232	0	0.018	0.023	0	0	0.623
24	5:NOT	5:NOT		0	0	0	0	1	0	0	0
25	5:NOT	5:NOT		0	0	0	0	1	0	0	0
26	5:NOT	5:NOT		0	0	0	0	1	0	0	0
27	5:NOT	5:NOT		0	0	0	0	1	0	0	0
28	5:NOT	5:NOT		0	0	0	0	1	0	0	0
29	5:NOT	5:NOT		0	0	0	0	1	0	0	0
30	5:NOT	5:NOT		0	0	0	0	1	0	0	0
31	5:NOT	5:NOT		0	0	0	0	1	0	0	0
32	5:NOT	5:NOT		0	0	0	0	0.999	0	0	0.001
33	2:OR	2:OR		0	1	0	0	0	0	0	0
34	2:OR	2:OR		0	0.501	0	0.006	0.1	0	0.004	0.389
35	2:OR	2:OR		0.033	0.516	0	0	0	0.003	0	0.448
36	2:OR	2:OR		0	1	0	0	0	0	0	0
37	2:OR	2:OR		0.253	0.747	0	0	0	0	0	0
38	2:OR	2:OR		0	0.99	0	0	0	0	0	0.009
39	2:OR	2:OR		0.03	0.97	0	0	0	0	0	0
40	2:OR	2:OR		0	0.999	0	0.001	0	0	0.001	0
41	2:OR	2:OR		0.001	0.988	0	0	0	0	0.007	0.004
42	2:OR	2:OR		0.024	0.97	0	0	0.001	0	0	0.005
43	2:OR	1:AND	+	0.976	0.005	0	0	0	0	0	0.019
44	2:OR	2:OR		0	1	0	0	0	0	0	0
45	2:OR	2:OR		0.001	0.999	0	0	0	0	0	0
46	2:OR	2:OR		0	0.819	0	0.021	0.118	0	0.005	0.037
47	2:OR	2:OR		0.011	0.974	0	0.003	0.004	0	0	0.009
48	2:OR	2:OR		0	0.999	0	0.001	0	0	0.001	0
49	2:OR	2:OR		0	1	0	0	0	0	0	0
50	2:OR	8:LabelBox	+	0.03	0.363	0	0	0.222	0.004	0.001	0.38
51	2:OR	2:OR		0	1	0	0	0	0	0	0
52	2:OR	2:OR		0.001	0.999	0	0	0	0	0	0
53	2:OR	2:OR		0	1	0	0	0	0	0	0
54	2:OR	2:OR		0.03	0.97	0	0	0	0	0	0
55	2:OR	2:OR		0	1	0	0	0	0	0	0
56	2:OR	2:OR		0	1	0	0	0	0	0	0
57	2:OR	2:OR		0.253	0.747	0	0	0	0	0	0
58	2:OR	2:OR		0.423	0.574	0	0	0	0	0	0.003
59	2:OR	2:OR		0	1	0	0	0	0	0	0
60	2:OR	2:OR		0	1	0	0	0	0	0	0
61	2:OR	2:OR		0	0.999	0	0.001	0	0	0	0
62	2:OR	1:AND	+	0.782	0.215	0	0	0	0	0	0.003
63	7:XOR	7:XOR		0	0	0	0	0	0	1	0
64	7:XOR	7:XOR		0	0.032	0	0	0	0	0.968	0
65	7:XOR	7:XOR		0	0	0	0	0	0	1	0
66	7:XOR	2:OR	+	0	0.944	0	0	0	0	0.056	0
67	7:XOR	7:XOR		0	0.016	0	0	0	0	0.984	0
68	7:XOR	7:XOR		0	0	0	0	0	0	1	0
69	7:XOR	7:XOR		0	0	0	0	0	0	1	0
70	7:XOR	7:XOR		0	0.015	0	0	0	0	0.985	0
71	7:XOR	7:XOR		0	0	0	0	0	0	1	0
72	7:XOR	2:OR	+	0	0.895	0	0	0	0	0.105	0
73	7:XOR	7:XOR		0.007	0.071	0	0	0.002	0	0.914	0.005
74	7:XOR	7:XOR		0.001	0.021	0	0	0.004	0	0.966	0.008
75	7:XOR	2:OR	+	0	0.659	0	0	0.089	0	0	0.252
76	7:XOR	7:XOR		0	0	0	0	0	0	1	0
77	7:XOR	2:OR	+	0	0.998	0	0	0	0	0.002	0
78	1:AND	1:AND		1	0	0	0	0	0	0	0
79	1:AND	1:AND		1	0	0	0	0	0	0	0
80	1:AND	1:AND		1	0	0	0	0	0	0	0
81	1:AND	1:AND		1	0	0	0	0	0	0	0
82	1:AND	1:AND		0.999	0	0	0	0	0	0	0.001
83	1:AND	1:AND		1	0	0	0	0	0	0	0
84	1:AND	1:AND		1	0	0	0	0	0	0	0
85	1:AND	1:AND		0.996	0.001	0	0	0	0	0	0.003
86	1:AND	1:AND		1	0	0	0	0	0	0	0
87	1:AND	1:AND		1	0	0	0	0	0	0	0
88	1:AND	1:AND		1	0	0	0	0	0	0	0
89	1:AND	1:AND		0.555	0.033	0	0	0	0	0	0.411
90	1:AND	1:AND		1	0	0	0	0	0	0	0
91	1:AND	1:AND		0.999	0	0	0	0	0	0	0.001
92	1:AND	1:AND		1	0	0	0	0	0	0	0
93	1:AND	1:AND		1	0	0	0	0	0	0	0
94	1:AND	1:AND		0.919	0.001	0	0	0	0	0	0.08
95	1:AND	1:AND		1	0	0	0	0	0	0	0
96	1:AND	1:AND		0.755	0.031	0	0	0	0	0	0.215
97	1:AND	1:AND		0.974	0.026	0	0	0	0	0	0.001
98	1:AND	1:AND		0.997	0.001	0	0	0	0	0	0.002
99	1:AND	1:AND		1	0	0	0	0	0	0	0
100	1:AND	1:AND		0.995	0	0	0	0	0	0	0.005
101	1:AND	1:AND		1	0	0	0	0	0	0	0
102	1:AND	1:AND		0.997	0	0	0	0	0	0	0.003
103	1:AND	1:AND		0.972	0.006	0	0	0	0	0	0.022
104	1:AND	1:AND		0.981	0.019	0	0	0	0	0	0.001
105	1:AND	1:AND		0.995	0	0	0	0	0	0	0.005
106	1:AND	1:AND		1	0	0	0	0	0	0	0
107	1:AND	1:AND		0.963	0.006	0	0	0	0	0	0.031
108	1:AND	1:AND		0.889	0.006	0	0	0	0	0	0.105
109	1:AND	1:AND		0.997	0	0	0	0	0	0	0.003
110	1:AND	1:AND		0.969	0	0	0	0.001	0	0	0.03
111	1:AND	1:AND		1	0	0	0	0	0	0	0
112	1:AND	1:AND		1	0	0	0	0	0	0	0
113	1:AND	1:AND		0.998	0.002	0	0	0	0	0	0
114	1:AND	1:AND		0.993	0.007	0	0	0	0	0	0
115	1:AND	1:AND		0.989	0	0	0	0	0	0	0.011
116	1:AND	1:AND		1	0	0	0	0	0	0	0
117	1:AND	1:AND		0.909	0.088	0	0	0	0	0	0.002
118	1:AND	1:AND		0.971	0.018	0	0	0	0	0	0.011
119	1:AND	1:AND		0.999	0	0	0	0	0	0	0.001
120	1:AND	1:AND		0.757	0.066	0	0	0	0	0	0.176
121	1:AND	1:AND		0.996	0.004	0	0	0	0	0	0
122	3:NAND	4:NOR	+	0	0.001	0	0.98	0.004	0	0.002	0.013
123	3:NAND	5:NOT	+	0	0	0.016	0	0.979	0	0	0.005
124	3:NAND	8:LabelBox	+	0.002	0.001	0.066	0	0.354	0	0	0.577
125	3:NAND	3:NAND		0	0	0.982	0	0.016	0	0	0.001
126	3:NAND	3:NAND		0.001	0.001	0.462	0	0.206	0	0	0.329
127	3:NAND	4:NOR	+	0	0.001	0	0.981	0.016	0	0	0.001
128	3:NAND	3:NAND		0.001	0	0.763	0.002	0.225	0	0	0.009
129	3:NAND	1:AND	+	0.788	0	0.169	0	0.017	0	0	0.025
130	3:NAND	3:NAND		0	0	0.982	0	0.016	0	0	0.001
131	8:LabelBox	1:AND	+	0.749	0.185	0	0	0	0	0	0.066
132	8:LabelBox	8:LabelBox		0.281	0.038	0	0	0.01	0	0	0.671
133	8:LabelBox	8:LabelBox		0	0	0	0	0	0	0	1
134	8:LabelBox	8:LabelBox		0	0	0	0	0	0	0	1
135	8:LabelBox	8:LabelBox		0.088	0.001	0.001	0	0.135	0	0	0.774
136	8:LabelBox	8:LabelBox		0	0	0	0	0.17	0	0	0.83
137	8:LabelBox	8:LabelBox		0.021	0	0	0	0.089	0	0	0.888
138	8:LabelBox	8:LabelBox		0.006	0.005	0.049	0.001	0.065	0.001	0	0.874
139	8:LabelBox	8:LabelBox		0.054	0.012	0	0	0.001	0	0	0.934
140	8:LabelBox	1:AND	+	0.612	0.002	0	0	0	0	0	0.386
141	8:LabelBox	8:LabelBox		0	0	0	0	0	0	0	1
142	8:LabelBox	8:LabelBox		0.002	0	0	0	0	0	0	0.997
143	8:LabelBox	8:LabelBox		0.167	0.001	0	0	0.001	0	0	0.831
144	8:LabelBox	8:LabelBox		0	0.001	0	0	0.001	0	0	0.998
145	8:LabelBox	8:LabelBox		0.046	0.004	0.009	0.001	0.154	0	0	0.786
146	8:LabelBox	2:OR	+	0.012	0.499	0	0	0.094	0	0	0.395
147	8:LabelBox	2:OR	+	0.001	0.532	0	0.001	0	0.002	0	0.464
148	8:LabelBox	8:LabelBox		0.002	0.015	0	0	0.001	0	0	0.981
149	8:LabelBox	2:OR	+	0.101	0.6	0	0	0	0	0	0.298
150	8:LabelBox	1:AND	+	0.999	0	0	0	0	0	0	0.001
151	4:NOR	5:NOT	+	0	0.015	0	0.041	0.934	0	0.003	0.006
152	4:NOR	5:NOT	+	0	0.003	0.003	0.35	0.605	0	0	0.039
153	4:NOR	4:NOR		0	0.009	0.001	0.987	0.002	0	0.001	0
154	4:NOR	4:NOR		0	0.044	0.05	0.517	0.389	0	0	0
155	4:NOR	4:NOR		0	0.002	0	0.997	0	0	0.001	0
156	4:NOR	4:NOR		0	0	0	0.998	0.001	0	0.001	0
157	4:NOR	4:NOR		0	0.036	0	0.963	0	0	0.001	0
158	4:NOR	4:NOR		0	0.114	0	0.88	0.002	0	0.004	0
159	6:NOTBUBBL	6:NOTBUBBL		0	0.001	0	0	0.014	0.967	0	0.018
160	6:NOTBUBBL	1:AND	+	0.389	0.001	0	0	0	0.33	0	0.281
161	6:NOTBUBBL	6:NOTBUBBL		0	0.001	0	0	0	0.993	0	0.006
162	6:NOTBUBBL	8:LabelBox	+	0.09	0.049	0	0	0	0.272	0	0.589
163	6:NOTBUBBL	8:LabelBox	+	0.106	0.073	0	0	0	0.002	0	0.819
164	6:NOTBUBBL	6:NOTBUBBL		0.014	0	0	0	0	0.952	0	0.034
1	5:NOT	3:NAND	+	0	0	0.516	0	0.482	0	0	0.002
2	5:NOT	5:NOT		0	0	0.004	0	0.987	0	0	0.009
3	5:NOT	5:NOT		0	0	0	0	1	0	0	0
4	5:NOT	5:NOT		0	0.001	0	0.024	0.974	0	0	0.001
5	5:NOT	5:NOT		0	0	0	0	1	0	0	0
6	5:NOT	5:NOT		0	0	0	0	1	0	0	0
7	5:NOT	5:NOT		0	0	0	0	1	0	0	0
8	5:NOT	5:NOT		0	0	0	0	1	0	0	0
9	5:NOT	5:NOT		0	0	0.001	0	0.999	0	0	0
10	5:NOT	5:NOT		0	0	0	0.05	0.938	0	0	0.011
11	5:NOT	5:NOT		0	0	0	0	1	0	0	0
12	5:NOT	5:NOT		0	0	0	0	1	0	0	0
13	5:NOT	5:NOT		0	0	0	0	1	0	0	0
14	5:NOT	5:NOT		0.001	0.001	0.003	0	0.994	0	0	0.001
15	5:NOT	5:NOT		0	0	0	0	1	0	0	0
16	5:NOT	5:NOT		0	0	0	0	1	0	0	0
17	5:NOT	5:NOT		0	0	0	0	1	0	0	0
18	5:NOT	5:NOT		0	0	0	0	1	0	0	0
19	5:NOT	5:NOT		0	0	0	0	0.999	0	0	0.001
20	5:NOT	5:NOT		0	0	0	0	1	0	0	0
21	5:NOT	5:NOT		0	0	0	0	1	0	0	0
22	5:NOT	7:XOR	+	0	0.048	0.001	0.001	0.372	0	0.514	0.064
23	5:NOT	5:NOT		0	0.001	0	0	0.998	0	0	0.002
24	5:NOT	5:NOT		0.001	0.004	0.08	0.009	0.569	0.001	0	0.336
25	5:NOT	5:NOT		0	0	0	0	1	0	0	0
26	5:NOT	5:NOT		0	0	0	0	1	0	0	0
27	5:NOT	5:NOT		0	0	0	0	1	0	0	0
28	5:NOT	5:NOT		0	0.001	0	0	0.998	0	0	0.002
29	5:NOT	5:NOT		0	0	0	0	1	0	0	0
30	5:NOT	5:NOT		0	0	0	0	1	0	0	0
31	5:NOT	5:NOT		0	0	0.032	0	0.967	0	0	0.001
32	5:NOT	5:NOT		0	0	0	0	1	0	0	0
33	2:OR	2:OR		0.001	0.99	0	0	0.002	0	0.006	0.002
34	2:OR	2:OR		0	0.998	0	0	0	0	0.002	0
35	2:OR	1:AND	+	0.884	0.116	0	0	0	0	0	0
36	2:OR	2:OR		0	1	0	0	0	0	0	0
37	2:OR	7:XOR	+	0	0.119	0	0	0	0	0.88	0
38	2:OR	5:NOT	+	0.021	0.013	0	0	0.955	0	0	0.011
39	2:OR	1:AND	+	0.915	0.084	0	0	0	0	0	0.001
40	2:OR	2:OR		0.228	0.693	0	0	0.001	0	0	0.077
41	2:OR	2:OR		0	0.986	0	0	0	0	0.014	0
42	2:OR	2:OR		0	1	0	0	0	0	0	0
43	2:OR	2:OR		0	1	0	0	0	0	0	0
44	2:OR	1:AND	+	0.996	0.003	0	0	0	0	0	0.001
45	2:OR	2:OR		0	0.999	0	0	0	0	0.001	0
46	2:OR	2:OR		0.024	0.976	0	0	0	0	0	0
47	2:OR	2:OR		0	1	0	0	0	0	0	0
48	2:OR	2:OR		0	0.996	0	0.003	0	0	0.001	0
49	2:OR	2:OR		0.001	0.999	0	0	0	0	0	0
50	2:OR	2:OR		0	0.997	0	0	0	0	0.002	0
51	2:OR	2:OR		0	1	0	0	0	0	0	0
52	2:OR	2:OR		0.001	0.999	0	0	0	0	0	0
53	2:OR	2:OR		0	1	0	0	0	0	0	0
54	2:OR	2:OR		0.001	0.999	0	0	0	0	0	0
55	2:OR	2:OR		0.001	0.999	0	0	0	0	0	0
56	2:OR	2:OR		0	1	0	0	0	0	0	0
57	2:OR	2:OR		0.005	0.991	0	0	0	0	0	0.004
58	2:OR	2:OR		0	1	0	0	0	0	0	0
59	2:OR	2:OR		0	1	0	0	0	0	0	0
60	2:OR	2:OR		0.004	0.955	0	0	0	0.001	0.027	0.014
61	2:OR	2:OR		0.09	0.889	0	0	0	0	0	0.022
62	2:OR	2:OR		0.332	0.667	0	0	0	0	0	0.002
63	7:XOR	7:XOR		0	0.037	0	0	0	0	0.963	0
64	7:XOR	7:XOR		0	0.061	0	0	0	0	0.938	0
65	7:XOR	7:XOR		0	0	0	0	0	0	1	0
66	7:XOR	7:XOR		0	0.02	0	0	0	0	0.98	0
67	7:XOR	7:XOR		0	0	0	0	0	0	1	0
68	7:XOR	7:XOR		0	0	0	0	0	0	1	0
69	7:XOR	7:XOR		0	0.061	0	0	0	0	0.938	0
70	7:XOR	7:XOR		0	0	0	0	0	0	1	0
71	7:XOR	7:XOR		0	0	0	0	0	0	1	0
72	7:XOR	7:XOR		0	0.056	0	0	0	0	0.943	0
73	7:XOR	7:XOR		0	0.038	0	0	0	0	0.962	0
74	7:XOR	7:XOR		0.006	0.043	0	0	0.009	0	0.927	0.015
75	7:XOR	7:XOR		0	0.02	0	0	0	0	0.98	0
76	7:XOR	7:XOR		0	0	0	0	0	0	1	0
77	7:XOR	7:XOR		0	0	0	0	0	0	1	0
78	1:AND	8:LabelBox	+	0.238	0.121	0	0	0	0	0	0.64
79	1:AND	1:AND		1	0	0	0	0	0	0	0
80	1:AND	1:AND		0.996	0.003	0	0	0	0	0	0.001
81	1:AND	1:AND		1	0	0	0	0	0	0	0
82	1:AND	1:AND		0.999	0	0	0	0	0	0	0.001
83	1:AND	1:AND		1	0	0	0	0	0	0	0
84	1:AND	1:AND		0.999	0	0	0	0	0	0	0.001
85	1:AND	1:AND		0.975	0.024	0	0	0	0	0	0.001
86	1:AND	1:AND		1	0	0	0	0	0	0	0
87	1:AND	1:AND		1	0	0	0	0	0	0	0
88	1:AND	1:AND		1	0	0	0	0	0	0	0
89	1:AND	1:AND		0.993	0	0	0	0	0	0	0.007
90	1:AND	1:AND		1	0	0	0	0	0	0	0
91	1:AND	1:AND		0.895	0	0	0	0	0	0	0.105
92	1:AND	1:AND		0.984	0.001	0	0	0	0	0	0.014
93	1:AND	1:AND		1	0	0	0	0	0	0	0
94	1:AND	1:AND		0.826	0.002	0	0	0.073	0	0	0.099
95	1:AND	1:AND		0.995	0	0	0	0	0	0	0.005
96	1:AND	1:AND		0.946	0.01	0	0	0	0	0	0.044
97	1:AND	1:AND		0.986	0	0	0	0	0	0	0.014
98	1:AND	1:AND		0.999	0	0	0	0	0	0	0.001
99	1:AND	1:AND		0.568	0.004	0	0	0	0.01	0	0.419
100	1:AND	1:AND		0.985	0.011	0	0	0	0	0	0.004
101	1:AND	1:AND		0.895	0	0	0	0	0	0	0.105
102	1:AND	1:AND		0.995	0	0	0	0	0	0	0.005
103	1:AND	1:AND		1	0	0	0	0	0	0	0
104	1:AND	1:AND		0.999	0	0	0	0	0	0	0.001
105	1:AND	1:AND		0.999	0	0	0	0	0	0	0.001
106	1:AND	1:AND		0.907	0.011	0	0	0	0	0	0.083
107	1:AND	1:AND		0.895	0	0	0	0	0	0	0.105
108	1:AND	1:AND		0.999	0.001	0	0	0	0	0	0
109	1:AND	1:AND		1	0	0	0	0	0	0	0
110	1:AND	1:AND		0.895	0	0	0	0	0	0	0.105
111	1:AND	1:AND		0.999	0	0	0	0	0	0	0
112	1:AND	1:AND		0.998	0	0	0	0	0	0	0.002
113	1:AND	1:AND		1	0	0	0	0	0	0	0
114	1:AND	1:AND		0.897	0.007	0	0	0	0	0	0.095
115	1:AND	1:AND		1	0	0	0	0	0	0	0
116	1:AND	1:AND		0.995	0	0	0	0	0	0	0.005
117	1:AND	1:AND		0.989	0.001	0	0	0	0	0	0.01
118	1:AND	1:AND		0.995	0	0	0	0	0	0	0.005
119	1:AND	1:AND		0.999	0	0	0	0	0	0	0.001
120	1:AND	1:AND		0.998	0	0	0	0	0	0	0.002
121	1:AND	1:AND		1	0	0	0	0	0	0	0
122	3:NAND	3:NAND		0	0	0.98	0	0.018	0	0	0.002
123	3:NAND	3:NAND		0	0	0.98	0	0.018	0	0	0.002
124	3:NAND	3:NAND		0	0	0.951	0	0.043	0	0	0.005
125	3:NAND	3:NAND		0	0	0.98	0	0.018	0	0	0.002
126	3:NAND	5:NOT	+	0	0	0.078	0	0.869	0	0	0.052
127	3:NAND	3:NAND		0	0	0.52	0	0.351	0	0	0.129
128	3:NAND	5:NOT	+	0	0.004	0.013	0	0.89	0	0	0.093
129	3:NAND	5:NOT	+	0	0	0.173	0	0.786	0	0	0.041
130	3:NAND	8:LabelBox	+	0.081	0.013	0.391	0	0.066	0	0	0.448
131	8:LabelBox	8:LabelBox		0.101	0.154	0	0	0	0	0	0.744
132	8:LabelBox	8:LabelBox		0	0	0.001	0	0	0	0	0.998
133	8:LabelBox	8:LabelBox		0.195	0	0.006	0	0.011	0	0	0.789
134	8:LabelBox	8:LabelBox		0.008	0.109	0	0	0.084	0	0	0.799
135	8:LabelBox	8:LabelBox		0.028	0.001	0.025	0.001	0.172	0	0	0.774
136	8:LabelBox	8:LabelBox		0.004	0	0	0	0	0	0	0.996
137	8:LabelBox	8:LabelBox		0.465	0.004	0	0	0	0	0	0.53
138	8:LabelBox	8:LabelBox		0.004	0	0	0	0	0	0	0.995
139	8:LabelBox	8:LabelBox		0.001	0.005	0	0	0.001	0.001	0	0.993
140	8:LabelBox	8:LabelBox		0	0	0	0	0	0	0	1
141	8:LabelBox	5:NOT	+	0.012	0.024	0	0	0.502	0	0	0.462
142	8:LabelBox	8:LabelBox		0	0	0	0	0	0	0	1
143	8:LabelBox	8:LabelBox		0.022	0.025	0	0	0	0	0	0.953
144	8:LabelBox	8:LabelBox		0.249	0.003	0	0	0.001	0	0	0.747
145	8:LabelBox	8:LabelBox		0	0.001	0.002	0	0.201	0	0	0.796
146	8:LabelBox	8:LabelBox		0.372	0.144	0	0	0	0	0	0.485
147	8:LabelBox	5:NOT	+	0.003	0.014	0	0	0.617	0	0	0.367
148	8:LabelBox	1:AND	+	0.895	0	0	0	0	0	0	0.105
149	8:LabelBox	1:AND	+	0.895	0	0	0	0	0	0	0.105
150	8:LabelBox	8:LabelBox		0.445	0.002	0	0	0	0	0	0.553
151	4:NOR	5:NOT	+	0	0.05	0	0.006	0.938	0	0.001	0.005
152	4:NOR	4:NOR		0	0.01	0.007	0.979	0.003	0	0.001	0
153	4:NOR	4:NOR		0	0.006	0	0.993	0	0	0.001	0
154	4:NOR	4:NOR		0	0.091	0.146	0.739	0.021	0	0	0.003
155	4:NOR	3:NAND	+	0	0.219	0.539	0.217	0.019	0	0.001	0.005
156	4:NOR	4:NOR		0.001	0.076	0.175	0.369	0.345	0	0	0.035
157	4:NOR	2:OR	+	0.002	0.532	0.001	0.297	0.152	0	0	0.016
158	4:NOR	4:NOR		0	0.001	0	0.998	0	0	0.001	0
159	6:NOTBUBBL	6:NOTBUBBL		0.021	0	0	0	0	0.931	0	0.047
160	6:NOTBUBBL	6:NOTBUBBL		0.021	0	0	0	0	0.931	0	0.047
161	6:NOTBUBBL	6:NOTBUBBL		0	0	0	0	0.001	0.989	0	0.009
162	6:NOTBUBBL	6:NOTBUBBL		0	0.001	0	0	0.002	0.992	0	0.005
163	6:NOTBUBBL	6:NOTBUBBL		0	0	0	0	0.001	0.984	0	0.014
164	6:NOTBUBBL	6:NOTBUBBL		0	0	0	0	0.005	0.989	0	0.006
1	5:NOT	5:NOT		0	0	0	0	1	0	0	0
2	5:NOT	5:NOT		0	0.004	0.002	0.002	0.969	0	0	0.023
3	5:NOT	5:NOT		0	0	0	0	1	0	0	0
4	5:NOT	5:NOT		0	0	0	0	1	0	0	0
5	5:NOT	5:NOT		0	0	0	0	0.997	0	0	0.003
6	5:NOT	5:NOT		0	0	0	0	1	0	0	0
7	5:NOT	5:NOT		0.001	0	0.021	0	0.977	0	0	0.001
8	5:NOT	5:NOT		0	0	0.024	0	0.976	0	0	0
9	5:NOT	5:NOT		0	0.001	0	0	0.997	0	0	0.002
10	5:NOT	5:NOT		0	0	0	0	1	0	0	0
11	5:NOT	5:NOT		0	0	0	0	1	0	0	0
12	5:NOT	5:NOT		0	0	0	0	1	0	0	0
13	5:NOT	5:NOT		0	0	0	0	1	0	0	0
14	5:NOT	8:LabelBox	+	0	0.001	0	0	0.382	0	0	0.617
15	5:NOT	5:NOT		0	0	0	0	1	0	0	0
16	5:NOT	5:NOT		0	0	0	0	1	0	0	0
17	5:NOT	5:NOT		0	0	0	0	1	0	0	0
18	5:NOT	5:NOT		0	0.001	0.104	0.001	0.789	0	0	0.106
19	5:NOT	5:NOT		0	0	0	0	1	0	0	0
20	5:NOT	5:NOT		0	0	0	0	1	0	0	0
21	5:NOT	5:NOT		0	0	0	0	1	0	0	0
22	5:NOT	5:NOT		0	0	0	0	0.981	0	0	0.018
23	5:NOT	5:NOT		0	0	0	0	1	0	0	0
24	5:NOT	5:NOT		0	0	0	0	0.996	0	0	0.004
25	5:NOT	5:NOT		0	0	0	0	1	0	0	0
26	5:NOT	5:NOT		0	0	0.016	0	0.973	0	0	0.011
27	5:NOT	4:NOR	+	0.001	0.007	0.055	0.731	0.008	0.001	0	0.197
28	5:NOT	5:NOT		0	0	0	0	1	0	0	0
29	5:NOT	5:NOT		0	0	0	0	1	0	0	0
30	5:NOT	5:NOT		0	0	0	0	1	0	0	0
31	5:NOT	5:NOT		0	0	0	0	1	0	0	0
32	5:NOT	8:LabelBox	+	0	0.101	0	0.008	0.279	0	0	0.61
33	2:OR	2:OR		0.018	0.451	0	0	0.217	0	0.001	0.313
34	2:OR	2:OR		0.004	0.996	0	0	0	0	0	0
35	2:OR	2:OR		0.001	0.999	0	0	0	0	0	0
36	2:OR	2:OR		0.057	0.94	0	0	0	0	0	0.003
37	2:OR	2:OR		0	1	0	0	0	0	0	0
38	2:OR	2:OR		0	0.999	0	0	0	0	0.001	0
39	2:OR	2:OR		0.003	0.993	0	0	0	0	0	0.004
40	2:OR	2:OR		0	0.997	0	0	0	0	0.002	0.001
41	2:OR	2:OR		0.014	0.986	0	0	0	0	0	0
42	2:OR	8:LabelBox	+	0.013	0.187	0	0	0.001	0	0	0.799
43	2:OR	2:OR		0.004	0.996	0	0	0	0	0	0
44	2:OR	2:OR		0.275	0.725	0	0	0	0	0	0
45	2:OR	2:OR		0.012	0.986	0	0	0	0	0	0.002
46	2:OR	2:OR		0	1	0	0	0	0	0	0
47	2:OR	2:OR		0.004	0.954	0	0	0	0	0.027	0.016
48	2:OR	2:OR		0.001	0.985	0	0	0	0	0.014	0
49	2:OR	2:OR		0	1	0	0	0	0	0	0
50	2:OR	2:OR		0	1	0	0	0	0	0	0
51	2:OR	2:OR		0.166	0.421	0	0	0.104	0	0	0.309
52	2:OR	2:OR		0	0.998	0	0	0	0	0	0.002
53	2:OR	1:AND	+	0.88	0.11	0	0	0	0	0	0.01
54	2:OR	2:OR		0	0.998	0	0	0	0	0.002	0
55	2:OR	2:OR		0	1	0	0	0	0	0	0
56	2:OR	2:OR		0.123	0.527	0.001	0	0	0	0	0.35
57	2:OR	2:OR		0	1	0	0	0	0	0	0
58	2:OR	2:OR		0.275	0.725	0	0	0	0	0	0
59	2:OR	2:OR		0.001	0.999	0	0	0	0	0	0
60	2:OR	2:OR		0.001	0.999	0	0	0	0	0	0
61	2:OR	2:OR		0	0.547	0	0.008	0	0	0	0.445
62	2:OR	2:OR		0	0.999	0	0	0	0	0.001	0
63	7:XOR	7:XOR		0	0.024	0	0.004	0	0	0.972	0
64	7:XOR	7:XOR		0	0.003	0	0	0	0	0.997	0
65	7:XOR	2:OR	+	0.001	0.63	0	0	0	0	0.367	0.002
66	7:XOR	7:XOR		0	0	0	0	0	0	1	0
67	7:XOR	7:XOR		0	0	0	0	0	0	1	0
68	7:XOR	7:XOR		0	0.026	0	0	0	0	0.974	0
69	7:XOR	7:XOR		0	0	0	0	0	0	1	0
70	7:XOR	7:XOR		0	0	0	0	0	0	1	0
71	7:XOR	7:XOR		0	0	0	0	0	0	1	0
72	7:XOR	7:XOR		0	0	0	0	0	0	1	0
73	7:XOR	7:XOR		0	0	0	0	0	0	1	0
74	7:XOR	7:XOR		0	0	0	0	0	0	1	0
75	7:XOR	7:XOR		0	0	0	0	0	0	1	0
76	7:XOR	7:XOR		0	0	0	0	0	0	1	0
77	7:XOR	2:OR	+	0.001	0.979	0	0	0	0	0.01	0.01
78	1:AND	1:AND		1	0	0	0	0	0	0	0
79	1:AND	1:AND		1	0	0	0	0	0	0	0
80	1:AND	1:AND		1	0	0	0	0	0	0	0
81	1:AND	1:AND		1	0	0	0	0	0	0	0
82	1:AND	1:AND		0.981	0.018	0	0	0	0	0	0.001
83	1:AND	1:AND		1	0	0	0	0	0	0	0
84	1:AND	1:AND		1	0	0	0	0	0	0	0
85	1:AND	1:AND		1	0	0	0	0	0	0	0
86	1:AND	1:AND		1	0	0	0	0	0	0	0
87	1:AND	1:AND		1	0	0	0	0	0	0	0
88	1:AND	1:AND		0.506	0.48	0	0	0	0	0	0.014
89	1:AND	1:AND		1	0	0	0	0	0	0	0
90	1:AND	1:AND		1	0	0	0	0	0	0	0
91	1:AND	1:AND		1	0	0	0	0	0	0	0
92	1:AND	1:AND		1	0	0	0	0	0	0	0
93	1:AND	8:LabelBox	+	0	0.004	0	0	0.002	0	0	0.994
94	1:AND	1:AND		1	0	0	0	0	0	0	0
95	1:AND	1:AND		0.998	0	0	0	0	0	0	0.002
96	1:AND	1:AND		1	0	0	0	0	0	0	0
97	1:AND	1:AND		0.978	0	0	0	0	0	0	0.022
98	1:AND	1:AND		0.996	0	0	0	0	0	0	0.004
99	1:AND	1:AND		0.823	0.005	0	0	0	0	0	0.171
100	1:AND	1:AND		0.999	0	0	0	0	0	0	0.001
101	1:AND	1:AND		0.994	0.002	0	0	0	0	0	0.004
102	1:AND	1:AND		1	0	0	0	0	0	0	0
103	1:AND	1:AND		0.969	0.003	0	0	0	0	0	0.028
104	1:AND	2:OR	+	0.275	0.725	0	0	0	0	0	0
105	1:AND	1:AND		0.981	0.018	0	0	0	0	0	0.001
106	1:AND	1:AND		0.545	0.454	0	0	0	0	0	0.001
107	1:AND	1:AND		1	0	0	0	0	0	0	0
108	1:AND	1:AND		1	0	0	0	0	0	0	0
109	1:AND	1:AND		0.996	0	0	0	0	0	0	0.004
110	1:AND	1:AND		0.645	0.057	0	0	0	0	0	0.297
111	1:AND	1:AND		0.997	0	0	0	0	0	0	0.003
112	1:AND	1:AND		0.967	0	0	0	0	0	0	0.033
113	1:AND	1:AND		1	0	0	0	0	0	0	0
114	1:AND	1:AND		1	0	0	0	0	0	0	0
115	1:AND	1:AND		1	0	0	0	0	0	0	0
116	1:AND	2:OR	+	0.275	0.725	0	0	0	0	0	0
117	1:AND	1:AND		1	0	0	0	0	0	0	0
118	1:AND	1:AND		1	0	0	0	0	0	0	0
119	1:AND	1:AND		1	0	0	0	0	0	0	0
120	1:AND	1:AND		0.996	0	0	0	0	0	0	0.004
121	1:AND	1:AND		0.956	0.006	0	0	0	0	0	0.037
122	3:NAND	3:NAND		0	0	0.98	0	0.018	0	0	0.002
123	3:NAND	3:NAND		0.001	0	0.94	0	0.051	0	0	0.009
124	3:NAND	2:OR	+	0.001	0.771	0.128	0.087	0.003	0	0.005	0.005
125	3:NAND	3:NAND		0	0.006	0.642	0.001	0.303	0	0	0.047
126	3:NAND	8:LabelBox	+	0.084	0.019	0.116	0	0.305	0	0	0.477
127	3:NAND	5:NOT	+	0	0	0.024	0	0.976	0	0	0
128	3:NAND	3:NAND		0.001	0	0.94	0	0.051	0	0	0.009
129	3:NAND	3:NAND		0.001	0	0.76	0.002	0.221	0	0	0.016
130	3:NAND	3:NAND		0	0	0.98	0	0.018	0	0	0.002
131	8:LabelBox	1:AND	+	0.843	0.003	0	0	0	0	0	0.154
132	8:LabelBox	8:LabelBox		0.008	0.106	0	0	0.005	0	0	0.881
133	8:LabelBox	8:LabelBox		0.001	0	0	0	0	0	0	0.999
134	8:LabelBox	8:LabelBox		0.002	0.002	0.027	0	0.018	0	0	0.951
135	8:LabelBox	8:LabelBox		0.005	0	0	0	0	0	0	0.995
136	8:LabelBox	8:LabelBox		0.01	0.006	0.001	0	0.084	0	0	0.898
137	8:LabelBox	8:LabelBox		0.025	0.02	0	0	0	0	0	0.955
138	8:LabelBox	8:LabelBox		0.197	0.167	0	0	0	0	0	0.636
139	8:LabelBox	1:AND	+	0.996	0	0	0	0	0	0	0.004
140	8:LabelBox	8:LabelBox		0.021	0.011	0	0	0	0.006	0	0.962
141	8:LabelBox	8:LabelBox		0.017	0	0	0	0	0	0	0.983
142	8:LabelBox	8:LabelBox		0	0	0	0	0	0	0	1
143	8:LabelBox	1:AND	+	0.932	0	0	0	0	0	0	0.068
144	8:LabelBox	8:LabelBox		0.172	0.271	0.007	0	0.01	0	0	0.54
145	8:LabelBox	8:LabelBox		0	0	0	0	0	0	0	1
146	8:LabelBox	1:AND	+	0.932	0	0	0	0	0	0	0.068
147	8:LabelBox	1:AND	+	0.712	0.002	0	0	0	0	0	0.285
148	8:LabelBox	1:AND	+	0.853	0	0	0	0	0	0	0.147
149	8:LabelBox	1:AND	+	0.939	0.001	0	0	0	0	0	0.06
150	8:LabelBox	8:LabelBox		0.041	0	0.001	0	0	0	0	0.958
151	4:NOR	5:NOT	+	0	0.01	0.002	0.119	0.748	0	0	0.12
152	4:NOR	2:OR	+	0.001	0.398	0	0.002	0.092	0	0.244	0.263
153	4:NOR	4:NOR		0	0.01	0.004	0.982	0.003	0	0.001	0
154	4:NOR	4:NOR		0	0.171	0	0.764	0	0	0.063	0.001
155	4:NOR	2:OR	+	0.001	0.496	0.001	0.445	0.006	0	0.004	0.046
156	4:NOR	2:OR	+	0.058	0.705	0	0.017	0.006	0.002	0	0.212
157	4:NOR	4:NOR		0	0.001	0	0.998	0	0	0.001	0
158	4:NOR	2:OR	+	0.014	0.491	0.17	0.092	0.143	0	0	0.09
159	6:NOTBUBBL	6:NOTBUBBL		0.004	0	0	0	0	0.957	0	0.039
160	6:NOTBUBBL	6:NOTBUBBL		0.009	0	0	0	0	0.984	0	0.006
161	6:NOTBUBBL	2:OR	+	0	0.871	0	0	0	0	0	0.129
162	6:NOTBUBBL	6:NOTBUBBL		0	0.001	0	0	0.002	0.99	0	0.006
163	6:NOTBUBBL	8:LabelBox	+	0.067	0.145	0	0	0.003	0.174	0	0.61
164	6:NOTBUBBL	6:NOTBUBBL		0	0.001	0	0	0.002	0.99	0	0.006
1	5:NOT	5:NOT		0	0	0	0	1	0	0	0
2	5:NOT	5:NOT		0.001	0.005	0.112	0.003	0.867	0	0	0.011
3	5:NOT	5:NOT		0	0	0	0	1	0	0	0
4	5:NOT	5:NOT		0	0	0	0	1	0	0	0
5	5:NOT	5:NOT		0	0	0	0	0.999	0	0	0.001
6	5:NOT	5:NOT		0	0	0	0	1	0	0	0
7	5:NOT	5:NOT		0	0	0	0	1	0	0	0
8	5:NOT	5:NOT		0	0	0.022	0	0.973	0	0	0.005
9	5:NOT	5:NOT		0	0	0	0	1	0	0	0
10	5:NOT	5:NOT		0.002	0.001	0.007	0	0.985	0	0	0.005
11	5:NOT	5:NOT		0	0	0	0	0.999	0	0	0.001
12	5:NOT	5:NOT		0	0	0	0	1	0	0	0
13	5:NOT	5:NOT		0	0	0	0	1	0	0	0
14	5:NOT	5:NOT		0	0	0	0	0.999	0	0	0
15	5:NOT	5:NOT		0	0	0	0	0.999	0	0	0
16	5:NOT	5:NOT		0	0	0	0	1	0	0	0
17	5:NOT	5:NOT		0	0	0	0	0.999	0	0	0.001
18	5:NOT	5:NOT		0	0	0	0	1	0	0	0
19	5:NOT	5:NOT		0	0	0	0	1	0	0	0
20	5:NOT	5:NOT		0	0	0.001	0	0.999	0	0	0.001
21	5:NOT	5:NOT		0	0	0	0	1	0	0	0
22	5:NOT	5:NOT		0	0	0	0	1	0	0	0
23	5:NOT	5:NOT		0	0	0	0	1	0	0	0
24	5:NOT	5:NOT		0	0.002	0.007	0.278	0.448	0	0.018	0.247
25	5:NOT	5:NOT		0	0	0	0	1	0	0	0
26	5:NOT	5:NOT		0	0	0	0	1	0	0	0
27	5:NOT	3:NAND	+	0	0.002	0.873	0	0.092	0	0	0.033
28	5:NOT	5:NOT		0	0	0	0	1	0	0	0
29	5:NOT	5:NOT		0	0	0	0	1	0	0	0
30	5:NOT	3:NAND	+	0	0	0.99	0	0.009	0	0	0.002
31	5:NOT	3:NAND	+	0	0	0.938	0	0.06	0	0	0.002
32	2:OR	2:OR		0	0.591	0	0.07	0	0	0.328	0.011
33	2:OR	2:OR		0.003	0.847	0	0.021	0.112	0	0	0.017
34	2:OR	2:OR		0	1	0	0	0	0	0	0
35	2:OR	2:OR		0.023	0.77	0	0	0	0.053	0.011	0.143
36	2:OR	3:NAND	+	0.03	0.44	0.482	0.018	0.001	0	0.001	0.028
37	2:OR	1:AND	+	0.771	0.211	0	0	0	0	0	0.018
38	2:OR	2:OR		0	0.999	0	0	0	0	0	0
39	2:OR	2:OR		0.001	0.999	0	0	0	0	0	0
40	2:OR	2:OR		0.001	0.999	0	0	0	0	0	0
41	2:OR	2:OR		0.001	0.997	0	0	0	0	0.002	0
42	2:OR	2:OR		0.032	0.968	0	0	0	0	0	0
43	2:OR	1:AND	+	0.997	0.003	0	0	0	0	0	0
44	2:OR	8:LabelBox	+	0.287	0.261	0.018	0	0.013	0	0	0.421
45	2:OR	2:OR		0.001	0.999	0	0	0	0	0	0
46	2:OR	2:OR		0	1	0	0	0	0	0	0
47	2:OR	2:OR		0.001	0.996	0	0	0	0	0	0.003
48	2:OR	2:OR		0.042	0.594	0	0.006	0.119	0	0	0.239
49	2:OR	2:OR		0	1	0	0	0	0	0	0
50	2:OR	2:OR		0	0.896	0	0.013	0.001	0	0.078	0.011
51	2:OR	2:OR		0.001	0.999	0	0	0	0	0	0
52	2:OR	2:OR		0	0.649	0	0.001	0	0	0.35	0
53	2:OR	2:OR		0.196	0.804	0	0	0	0	0	0
54	2:OR	2:OR		0.001	0.999	0	0	0	0	0	0
55	2:OR	2:OR		0	1	0	0	0	0	0	0
56	2:OR	2:OR		0.032	0.968	0	0	0	0	0	0
57	2:OR	1:AND	+	0.982	0	0	0	0	0	0	0.017
58	2:OR	2:OR		0.196	0.804	0	0	0	0	0	0
59	2:OR	2:OR		0.013	0.987	0	0	0	0	0	0.001
60	2:OR	2:OR		0.001	0.999	0	0	0	0	0	0
61	2:OR	2:OR		0	0.998	0	0	0	0	0.002	0
62	2:OR	2:OR		0	1	0	0	0	0	0	0
63	7:XOR	7:XOR		0	0	0	0	0	0	1	0
64	7:XOR	7:XOR		0	0	0	0	0.006	0	0.994	0
65	7:XOR	7:XOR		0	0	0	0	0	0	1	0
66	7:XOR	7:XOR		0	0	0	0	0	0	1	0
67	7:XOR	2:OR	+	0.059	0.558	0	0	0	0	0.38	0.002
68	7:XOR	7:XOR		0	0	0	0	0	0	1	0
69	7:XOR	7:XOR		0	0	0	0	0	0	1	0
70	7:XOR	7:XOR		0	0	0	0	0	0	1	0
71	7:XOR	2:OR	+	0	0.991	0	0	0	0	0.009	0
72	7:XOR	7:XOR		0.005	0.029	0	0	0.012	0	0.946	0.009
73	7:XOR	7:XOR		0	0.485	0	0	0	0	0.515	0
74	7:XOR	7:XOR		0	0.01	0	0	0	0	0.99	0
75	7:XOR	7:XOR		0	0	0	0	0	0	1	0
76	7:XOR	7:XOR		0	0	0	0	0	0	1	0
77	7:XOR	7:XOR		0	0	0	0	0	0	1	0
78	1:AND	1:AND		1	0	0	0	0	0	0	0
79	1:AND	1:AND		1	0	0	0	0	0	0	0
80	1:AND	1:AND		1	0	0	0	0	0	0	0
81	1:AND	1:AND		0.988	0	0	0	0	0	0	0.012
82	1:AND	1:AND		0.978	0.021	0	0	0	0	0	0.001
83	1:AND	1:AND		1	0	0	0	0	0	0	0
84	1:AND	1:AND		1	0	0	0	0	0	0	0
85	1:AND	1:AND		1	0	0	0	0	0	0	0
86	1:AND	1:AND		0.996	0	0	0	0	0	0	0.004
87	1:AND	1:AND		1	0	0	0	0	0	0	0
88	1:AND	1:AND		0.915	0	0	0	0	0	0	0.085
89	1:AND	1:AND		1	0	0	0	0	0	0	0
90	1:AND	1:AND		1	0	0	0	0	0	0	0
91	1:AND	1:AND		0.997	0.003	0	0	0	0	0	0
92	1:AND	1:AND		0.763	0.153	0.001	0.001	0	0	0	0.083
93	1:AND	1:AND		1	0	0	0	0	0	0	0
94	1:AND	1:AND		1	0	0	0	0	0	0	0
95	1:AND	1:AND		0.983	0	0	0	0	0	0	0.016
96	1:AND	1:AND		0.956	0	0	0	0	0	0	0.044
97	1:AND	1:AND		1	0	0	0	0	0	0	0
98	1:AND	6:NOTBUBBL	+	0.281	0	0	0	0	0.458	0	0.26
99	1:AND	1:AND		1	0	0	0	0	0	0	0
100	1:AND	1:AND		1	0	0	0	0	0	0	0
101	1:AND	1:AND		1	0	0	0	0	0	0	0
102	1:AND	2:OR	+	0.032	0.968	0	0	0	0	0	0
103	1:AND	1:AND		1	0	0	0	0	0	0	0
104	1:AND	1:AND		0.824	0.001	0	0	0.001	0	0	0.174
105	1:AND	1:AND		0.916	0.001	0	0	0	0	0	0.083
106	1:AND	1:AND		1	0	0	0	0	0	0	0
107	1:AND	1:AND		0.969	0	0	0	0	0	0	0.031
108	1:AND	1:AND		0.998	0	0	0	0	0	0	0.002
109	1:AND	1:AND		0.887	0.001	0	0	0	0	0	0.112
110	1:AND	1:AND		0.995	0	0	0	0	0	0	0.004
111	1:AND	1:AND		1	0	0	0	0	0	0	0
112	1:AND	1:AND		1	0	0	0	0	0	0	0
113	1:AND	1:AND		1	0	0	0	0	0	0	0
114	1:AND	1:AND		1	0	0	0	0	0	0	0
115	1:AND	1:AND		1	0	0	0	0	0	0	0
116	1:AND	1:AND		1	0	0	0	0	0	0	0
117	1:AND	1:AND		0.999	0	0	0	0	0	0	0.001
118	1:AND	1:AND		1	0	0	0	0	0	0	0
119	1:AND	1:AND		0.995	0	0	0	0	0	0	0.005
120	1:AND	1:AND		1	0	0	0	0	0	0	0
121	1:AND	1:AND		1	0	0	0	0	0	0	0
122	3:NAND	5:NOT	+	0	0	0	0	1	0	0	0
123	3:NAND	3:NAND		0	0	0.799	0	0.196	0	0	0.004
124	3:NAND	3:NAND		0	0	0.938	0	0.06	0	0	0.002
125	3:NAND	3:NAND		0	0	0.99	0	0.009	0	0	0.002
126	3:NAND	3:NAND		0	0	0.99	0	0.009	0	0	0.002
127	3:NAND	1:AND	+	0.366	0.079	0.308	0.007	0.019	0	0	0.22
128	3:NAND	1:AND	+	0.987	0	0.004	0	0.004	0	0	0.005
129	3:NAND	4:NOR	+	0	0.095	0.369	0.515	0.019	0	0	0.001
130	3:NAND	1:AND	+	0.575	0.001	0.294	0	0.019	0	0	0.111
131	8:LabelBox	1:AND	+	0.552	0.004	0	0	0.014	0	0	0.429
132	8:LabelBox	2:OR	+	0.025	0.475	0.001	0	0.003	0	0.071	0.425
133	8:LabelBox	1:AND	+	0.52	0.001	0	0	0	0	0	0.479
134	8:LabelBox	1:AND	+	0.915	0	0	0	0	0	0	0.085
135	8:LabelBox	2:OR	+	0.235	0.756	0	0	0	0	0	0.008
136	8:LabelBox	8:LabelBox		0.073	0	0.001	0	0.001	0	0	0.925
137	8:LabelBox	8:LabelBox		0	0	0	0	0	0	0	1
138	8:LabelBox	8:LabelBox		0.004	0.319	0.002	0	0.016	0.196	0	0.462
139	8:LabelBox	8:LabelBox		0.346	0.005	0	0	0	0.001	0	0.648
140	8:LabelBox	8:LabelBox		0.305	0	0	0	0.002	0	0	0.693
141	8:LabelBox	8:LabelBox		0.051	0.039	0	0	0	0	0	0.909
142	8:LabelBox	1:AND	+	0.995	0	0	0	0	0	0	0.005
143	8:LabelBox	8:LabelBox		0.2	0.002	0	0	0	0	0	0.798
144	8:LabelBox	8:LabelBox		0	0	0	0	0.004	0	0	0.996
145	8:LabelBox	8:LabelBox		0	0	0	0	0	0	0	1
146	8:LabelBox	8:LabelBox		0.001	0	0	0	0	0	0	0.998
147	8:LabelBox	8:LabelBox		0.001	0.012	0	0	0	0	0	0.987
148	8:LabelBox	8:LabelBox		0.169	0.095	0	0	0	0	0	0.736
149	8:LabelBox	5:NOT	+	0	0	0	0	0.857	0	0	0.143
150	8:LabelBox	8:LabelBox		0.001	0.002	0	0	0	0	0	0.997
151	4:NOR	4:NOR		0	0.026	0	0.973	0	0	0.001	0
152	4:NOR	1:AND	+	0.732	0	0.221	0	0.014	0	0	0.032
153	4:NOR	4:NOR		0	0.006	0.004	0.987	0.002	0	0.001	0
154	4:NOR	4:NOR		0	0.218	0	0.778	0	0	0.003	0
155	4:NOR	4:NOR		0	0.006	0.004	0.987	0.002	0	0.001	0
156	4:NOR	2:OR	+	0	0.745	0	0.224	0	0	0.029	0.001
157	4:NOR	2:OR	+	0.001	0.742	0.008	0.115	0.011	0	0.005	0.118
158	4:NOR	2:OR	+	0	0.669	0	0.324	0	0	0.007	0
159	6:NOTBUBBL	6:NOTBUBBL		0	0.001	0	0	0.002	0.99	0	0.007
160	6:NOTBUBBL	6:NOTBUBBL		0.001	0	0	0	0	0.992	0	0.007
161	6:NOTBUBBL	8:LabelBox	+	0.104	0.005	0	0	0	0	0	0.892
162	6:NOTBUBBL	6:NOTBUBBL		0	0.001	0	0	0.002	0.99	0	0.007
163	6:NOTBUBBL	6:NOTBUBBL		0.001	0	0	0	0	0.988	0	0.011
164	6:NOTBUBBL	6:NOTBUBBL		0	0.001	0	0	0.002	0.99	0	0.007
1	5:NOT	5:NOT		0.001	0.001	0.003	0	0.995	0	0	0.001
2	5:NOT	5:NOT		0	0	0	0	1	0	0	0
3	5:NOT	5:NOT		0	0	0	0	1	0	0	0
4	5:NOT	5:NOT		0	0	0	0	1	0	0	0
5	5:NOT	5:NOT		0	0	0	0	1	0	0	0
6	5:NOT	5:NOT		0	0.003	0	0.001	0.996	0	0	0.001
7	5:NOT	5:NOT		0	0	0	0	1	0	0	0
8	5:NOT	5:NOT		0	0.002	0	0	0.982	0	0	0.016
9	5:NOT	5:NOT		0	0	0	0	1	0	0	0
10	5:NOT	5:NOT		0	0	0	0	1	0	0	0
11	5:NOT	5:NOT		0	0	0	0	1	0	0	0
12	5:NOT	5:NOT		0	0	0	0	0.998	0	0	0.001
13	5:NOT	5:NOT		0	0	0	0	0.999	0	0	0
14	5:NOT	5:NOT		0	0	0	0	1	0	0	0
15	5:NOT	5:NOT		0	0	0	0	1	0	0	0
16	5:NOT	5:NOT		0	0	0	0	1	0	0	0
17	5:NOT	5:NOT		0	0	0	0	1	0	0	0
18	5:NOT	5:NOT		0	0.001	0	0	0.998	0	0	0.001
19	5:NOT	5:NOT		0	0	0	0	1	0	0	0
20	5:NOT	5:NOT		0	0	0	0	1	0	0	0
21	5:NOT	5:NOT		0	0	0	0	1	0	0	0
22	5:NOT	8:LabelBox	+	0.002	0.004	0.068	0.002	0.185	0	0	0.739
23	5:NOT	5:NOT		0	0	0	0	1	0	0	0
24	5:NOT	3:NAND	+	0	0.003	0.838	0	0.12	0	0	0.039
25	5:NOT	5:NOT		0.02	0.183	0.018	0.001	0.66	0	0	0.116
26	5:NOT	5:NOT		0	0.001	0	0	0.998	0	0	0.001
27	5:NOT	5:NOT		0	0	0	0	1	0	0	0
28	5:NOT	5:NOT		0	0	0	0	1	0	0	0
29	5:NOT	3:NAND	+	0.014	0.037	0.759	0	0.153	0	0	0.038
30	5:NOT	5:NOT		0	0	0	0	1	0	0	0
31	5:NOT	5:NOT		0	0	0	0	1	0	0	0
32	2:OR	2:OR		0.056	0.929	0	0	0	0	0	0.014
33	2:OR	2:OR		0	1	0	0	0	0	0	0
34	2:OR	2:OR		0.002	0.998	0	0	0	0	0	0
35	2:OR	2:OR		0	1	0	0	0	0	0	0
36	2:OR	2:OR		0.001	0.999	0	0	0	0	0	0
37	2:OR	2:OR		0	1	0	0	0	0	0	0
38	2:OR	2:OR		0	0.993	0	0.002	0	0	0.004	0.001
39	2:OR	2:OR		0	1	0	0	0	0	0	0
40	2:OR	2:OR		0.002	0.997	0	0	0	0	0	0
41	2:OR	2:OR		0	1	0	0	0	0	0	0
42	2:OR	2:OR		0.005	0.995	0	0	0	0	0	0
43	2:OR	2:OR		0	1	0	0	0	0	0	0
44	2:OR	5:NOT	+	0	0.022	0	0	0.885	0	0	0.093
45	2:OR	2:OR		0	1	0	0	0	0	0	0
46	2:OR	2:OR		0	1	0	0	0	0	0	0
47	2:OR	2:OR		0	1	0	0	0	0	0	0
48	2:OR	2:OR		0.001	0.999	0	0	0	0	0	0
49	2:OR	2:OR		0	1	0	0	0	0	0	0
50	2:OR	2:OR		0.001	0.989	0	0	0	0	0.01	0
51	2:OR	2:OR		0.002	0.997	0	0	0	0	0	0
52	2:OR	2:OR		0	1	0	0	0	0	0	0
53	2:OR	2:OR		0.001	0.999	0	0	0	0	0	0
54	2:OR	2:OR		0.001	0.999	0	0	0	0	0	0
55	2:OR	2:OR		0.005	0.994	0	0	0	0	0	0
56	2:OR	2:OR		0.035	0.965	0	0	0	0	0	0
57	2:OR	2:OR		0	1	0	0	0	0	0	0
58	2:OR	2:OR		0	1	0	0	0	0	0	0
59	2:OR	2:OR		0.012	0.987	0	0	0	0	0	0.001
60	2:OR	2:OR		0	1	0	0	0	0	0	0
61	2:OR	2:OR		0	1	0	0	0	0	0	0
62	2:OR	1:AND	+	1	0	0	0	0	0	0	0
63	7:XOR	7:XOR		0	0	0	0	0	0	1	0
64	7:XOR	8:LabelBox	+	0	0.384	0	0	0.005	0	0	0.61
65	7:XOR	2:OR	+	0.003	0.979	0	0	0	0	0.017	0.001
66	7:XOR	7:XOR		0	0	0	0	0	0	1	0
67	7:XOR	7:XOR		0	0	0	0	0	0	1	0
68	7:XOR	7:XOR		0	0	0	0	0	0	1	0
69	7:XOR	7:XOR		0	0.003	0	0	0	0	0.997	0
70	7:XOR	7:XOR		0	0	0	0	0	0	1	0
71	7:XOR	7:XOR		0	0	0	0	0	0	1	0
72	7:XOR	7:XOR		0	0	0	0	0	0	1	0
73	7:XOR	2:OR	+	0.01	0.693	0	0	0	0	0.297	0
74	7:XOR	7:XOR		0.033	0.311	0	0	0.032	0	0.363	0.26
75	7:XOR	7:XOR		0	0	0	0	0	0	1	0
76	7:XOR	7:XOR		0	0	0	0	0	0	1	0
77	1:AND	1:AND		1	0	0	0	0	0	0	0
78	1:AND	1:AND		1	0	0	0	0	0	0	0
79	1:AND	1:AND		0.942	0.002	0	0	0	0	0	0.055
80	1:AND	1:AND		1	0	0	0	0	0	0	0
81	1:AND	1:AND		1	0	0	0	0	0	0	0
82	1:AND	1:AND		0.999	0	0	0	0	0	0	0.001
83	1:AND	8:LabelBox	+	0.187	0.009	0	0	0	0.001	0	0.803
84	1:AND	1:AND		0.986	0.011	0	0	0	0	0	0.003
85	1:AND	1:AND		1	0	0	0	0	0	0	0
86	1:AND	1:AND		1	0	0	0	0	0	0	0
87	1:AND	1:AND		1	0	0	0	0	0	0	0
88	1:AND	1:AND		1	0	0	0	0	0	0	0
89	1:AND	1:AND		1	0	0	0	0	0	0	0
90	1:AND	1:AND		0.938	0	0	0	0	0	0	0.062
91	1:AND	1:AND		1	0	0	0	0	0	0	0
92	1:AND	1:AND		0.862	0.137	0	0	0	0	0	0
93	1:AND	1:AND		0.999	0	0	0	0	0	0	0.001
94	1:AND	1:AND		1	0	0	0	0	0	0	0
95	1:AND	1:AND		0.997	0	0	0	0	0	0	0.003
96	1:AND	1:AND		1	0	0	0	0	0	0	0
97	1:AND	1:AND		1	0	0	0	0	0	0	0
98	1:AND	1:AND		1	0	0	0	0	0	0	0
99	1:AND	1:AND		0.657	0.013	0	0	0	0	0	0.33
100	1:AND	1:AND		1	0	0	0	0	0	0	0
101	1:AND	1:AND		0.938	0	0	0	0	0	0	0.062
102	1:AND	1:AND		1	0	0	0	0	0	0	0
103	1:AND	1:AND		1	0	0	0	0	0	0	0
104	1:AND	2:OR	+	0.005	0.994	0	0	0	0	0	0
105	1:AND	1:AND		1	0	0	0	0	0	0	0
106	1:AND	1:AND		0.998	0.002	0	0	0	0	0	0
107	1:AND	1:AND		0.997	0	0	0	0	0	0	0.003
108	1:AND	1:AND		1	0	0	0	0	0	0	0
109	1:AND	1:AND		0.999	0	0	0	0	0	0	0
110	1:AND	1:AND		1	0	0	0	0	0	0	0
111	1:AND	1:AND		1	0	0	0	0	0	0	0
112	1:AND	8:LabelBox	+	0.038	0.007	0.001	0	0.029	0	0	0.925
113	1:AND	1:AND		0.739	0.112	0	0	0.001	0	0	0.148
114	1:AND	1:AND		1	0	0	0	0	0	0	0
115	1:AND	1:AND		0.999	0	0	0	0	0	0	0
116	1:AND	1:AND		0.997	0	0	0	0	0	0	0.003
117	1:AND	1:AND		0.995	0	0	0	0	0	0	0.005
118	1:AND	1:AND		0.998	0	0	0	0	0	0	0.002
119	1:AND	1:AND		1	0	0	0	0	0	0	0
120	1:AND	1:AND		1	0	0	0	0	0	0	0
121	1:AND	1:AND		1	0	0	0	0	0	0	0
122	3:NAND	3:NAND		0.011	0.001	0.95	0	0.004	0	0	0.035
123	3:NAND	5:NOT	+	0.012	0.002	0.005	0	0.914	0	0	0.067
124	3:NAND	3:NAND		0	0	0.982	0	0.015	0	0	0.002
125	3:NAND	3:NAND		0	0	0.885	0	0.082	0	0	0.032
126	3:NAND	3:NAND		0	0	0.982	0	0.015	0	0	0.002
127	3:NAND	3:NAND		0	0	0.982	0	0.015	0	0	0.002
128	3:NAND	3:NAND		0	0	0.982	0	0.015	0	0	0.002
129	3:NAND	3:NAND		0.001	0.001	0.806	0	0.183	0	0	0.009
130	3:NAND	1:AND	+	0.831	0	0.12	0	0.014	0	0	0.035
131	8:LabelBox	8:LabelBox		0	0	0	0	0	0	0	1
132	8:LabelBox	5:NOT	+	0	0	0	0	0.999	0	0	0
133	8:LabelBox	8:LabelBox		0.002	0.043	0	0	0.001	0.001	0	0.952
134	8:LabelBox	8:LabelBox		0.028	0.029	0	0	0	0	0	0.943
135	8:LabelBox	8:LabelBox		0	0	0	0	0	0	0	1
136	8:LabelBox	8:LabelBox		0	0	0	0	0	0	0	1
137	8:LabelBox	8:LabelBox		0.004	0	0	0	0	0	0	0.996
138	8:LabelBox	1:AND	+	0.938	0	0	0	0	0	0	0.062
139	8:LabelBox	1:AND	+	0.771	0	0	0	0	0.029	0	0.199
140	8:LabelBox	8:LabelBox		0.006	0.008	0	0	0.393	0	0	0.593
141	8:LabelBox	8:LabelBox		0.318	0	0	0	0.001	0	0	0.681
142	8:LabelBox	8:LabelBox		0.119	0.019	0	0	0	0.005	0	0.857
143	8:LabelBox	1:AND	+	0.875	0.003	0	0	0	0	0	0.122
144	8:LabelBox	8:LabelBox		0.004	0.003	0	0	0	0	0	0.992
145	8:LabelBox	1:AND	+	0.807	0.002	0	0	0	0	0	0.191
146	8:LabelBox	1:AND	+	0.938	0	0	0	0	0	0	0.062
147	8:LabelBox	8:LabelBox		0	0	0	0	0	0	0	1
148	8:LabelBox	8:LabelBox		0.003	0.027	0	0	0.001	0	0	0.969
149	8:LabelBox	8:LabelBox		0.01	0	0	0	0.002	0	0	0.988
150	8:LabelBox	1:AND	+	0.732	0	0	0	0	0	0	0.267
151	4:NOR	2:OR	+	0	0.997	0	0	0	0	0	0.002
152	4:NOR	2:OR	+	0.023	0.856	0.002	0.038	0.074	0	0	0.006
153	4:NOR	4:NOR		0	0.061	0	0.883	0	0	0.056	0.001
154	4:NOR	4:NOR		0	0.009	0.007	0.98	0.003	0	0.001	0
155	4:NOR	4:NOR		0	0.429	0.002	0.546	0.019	0	0.003	0.001
156	4:NOR	4:NOR		0	0.009	0.007	0.98	0.003	0	0.001	0
157	4:NOR	4:NOR		0	0.011	0.004	0.767	0.214	0	0	0.003
158	4:NOR	4:NOR		0	0.126	0.007	0.671	0.011	0	0.182	0.003
159	6:NOTBUBBL	6:NOTBUBBL		0.011	0	0	0	0	0.984	0	0.005
160	6:NOTBUBBL	6:NOTBUBBL		0	0.001	0	0	0.002	0.991	0	0.006
161	6:NOTBUBBL	6:NOTBUBBL		0.006	0	0	0	0	0.971	0	0.023
162	6:NOTBUBBL	6:NOTBUBBL		0	0.001	0	0	0.002	0.991	0	0.006
163	6:NOTBUBBL	6:NOTBUBBL		0.003	0	0	0	0	0.99	0	0.008
164	6:NOTBUBBL	6:NOTBUBBL		0.002	0.02	0	0	0.001	0.972	0	0.005
1	5:NOT	5:NOT		0	0	0	0	0.999	0	0	0
2	5:NOT	5:NOT		0	0	0	0	1	0	0	0
3	5:NOT	5:NOT		0	0	0	0	0.992	0	0	0.008
4	5:NOT	7:XOR	+	0	0.167	0	0.008	0.001	0	0.801	0.022
5	5:NOT	5:NOT		0	0	0	0	1	0	0	0
6	5:NOT	3:NAND	+	0	0	0.948	0	0.05	0	0	0.002
7	5:NOT	5:NOT		0	0	0	0	1	0	0	0
8	5:NOT	5:NOT		0	0.012	0.001	0.002	0.984	0	0	0
9	5:NOT	5:NOT		0	0	0.004	0	0.995	0	0	0
10	5:NOT	5:NOT		0	0	0	0	1	0	0	0
11	5:NOT	5:NOT		0	0	0.004	0	0.995	0	0	0
12	5:NOT	5:NOT		0	0.004	0	0	0.985	0	0	0.011
13	5:NOT	5:NOT		0	0	0	0	1	0	0	0
14	5:NOT	5:NOT		0	0	0	0	1	0	0	0
15	5:NOT	5:NOT		0	0	0	0	1	0	0	0
16	5:NOT	5:NOT		0	0	0	0	0.979	0	0	0.021
17	5:NOT	5:NOT		0	0	0	0	1	0	0	0
18	5:NOT	5:NOT		0	0	0	0	0.993	0	0	0.007
19	5:NOT	5:NOT		0	0	0	0	1	0	0	0
20	5:NOT	5:NOT		0.001	0.001	0	0	0.957	0	0	0.041
21	5:NOT	5:NOT		0	0	0	0	1	0	0	0
22	5:NOT	5:NOT		0	0	0	0	1	0	0	0
23	5:NOT	5:NOT		0	0	0	0	1	0	0	0
24	5:NOT	5:NOT		0	0	0	0	1	0	0	0
25	5:NOT	5:NOT		0	0	0	0	1	0	0	0
26	5:NOT	5:NOT		0	0	0	0	1	0	0	0
27	5:NOT	2:OR	+	0	0.752	0	0.019	0.207	0	0.005	0.015
28	5:NOT	5:NOT		0	0	0	0	0.997	0	0	0.003
29	5:NOT	5:NOT		0	0	0.001	0	0.999	0	0	0
30	5:NOT	5:NOT		0	0	0	0	1	0	0	0
31	5:NOT	5:NOT		0	0	0	0	1	0	0	0
32	2:OR	2:OR		0	1	0	0	0	0	0	0
33	2:OR	8:LabelBox	+	0.032	0.323	0	0	0	0	0	0.645
34	2:OR	2:OR		0.005	0.867	0	0	0	0	0.12	0.009
35	2:OR	2:OR		0.003	0.991	0	0	0	0	0	0.006
36	2:OR	2:OR		0	1	0	0	0	0	0	0
37	2:OR	2:OR		0.021	0.974	0	0	0	0	0	0.005
38	2:OR	2:OR		0.001	0.997	0	0	0	0	0	0.002
39	2:OR	2:OR		0.001	0.996	0	0	0	0	0	0.003
40	2:OR	2:OR		0	0.999	0	0	0	0	0	0
41	2:OR	2:OR		0	1	0	0	0	0	0	0
42	2:OR	8:LabelBox	+	0.099	0.028	0	0	0	0	0	0.873
43	2:OR	2:OR		0.033	0.967	0	0	0	0	0	0
44	2:OR	2:OR		0	1	0	0	0	0	0	0
45	2:OR	2:OR		0	0.797	0	0.155	0.03	0	0.001	0.016
46	2:OR	2:OR		0.001	0.988	0	0	0	0	0.001	0.01
47	2:OR	2:OR		0	1	0	0	0	0	0	0
48	2:OR	1:AND	+	0.687	0.308	0	0	0	0	0.001	0.005
49	2:OR	1:AND	+	0.995	0.005	0	0	0	0	0	0
50	2:OR	2:OR		0.001	0.967	0	0.028	0	0	0.001	0.003
51	2:OR	2:OR		0.011	0.988	0	0	0	0	0	0.001
52	2:OR	2:OR		0.009	0.957	0	0	0	0	0	0.033
53	2:OR	2:OR		0.008	0.826	0	0	0	0.003	0.022	0.142
54	2:OR	2:OR		0.033	0.967	0	0	0	0	0	0
55	2:OR	2:OR		0	1	0	0	0	0	0	0
56	2:OR	2:OR		0.033	0.967	0	0	0	0	0	0
57	2:OR	2:OR		0.001	0.999	0	0	0	0	0	0
58	2:OR	1:AND	+	0.986	0.014	0	0	0	0	0	0.001
59	2:OR	2:OR		0	1	0	0	0	0	0	0
60	2:OR	2:OR		0.002	0.997	0	0	0	0	0	0.001
61	2:OR	2:OR		0.001	0.999	0	0	0	0	0	0
62	2:OR	2:OR		0.001	0.999	0	0	0	0	0	0
63	7:XOR	7:XOR		0	0	0	0	0	0	1	0
64	7:XOR	2:OR	+	0.004	0.9	0	0	0	0	0.095	0
65	7:XOR	7:XOR		0	0	0	0	0	0	1	0
66	7:XOR	7:XOR		0	0	0	0	0	0	1	0
67	7:XOR	7:XOR		0	0	0	0	0	0	1	0
68	7:XOR	7:XOR		0	0	0	0	0	0	1	0
69	7:XOR	7:XOR		0	0.007	0	0	0	0	0.993	0
70	7:XOR	7:XOR		0	0	0	0	0	0	1	0
71	7:XOR	7:XOR		0	0	0	0	0	0	1	0
72	7:XOR	7:XOR		0	0.07	0	0	0	0	0.93	0
73	7:XOR	7:XOR		0	0.001	0	0	0	0	0.999	0
74	7:XOR	2:OR	+	0.024	0.702	0	0	0	0	0.274	0.001
75	7:XOR	7:XOR		0	0	0	0	0	0	1	0
76	7:XOR	7:XOR		0	0.027	0	0	0	0	0.973	0
77	1:AND	1:AND		0.825	0.001	0	0	0	0	0	0.174
78	1:AND	1:AND		0.995	0	0	0	0	0	0	0.005
79	1:AND	1:AND		0.986	0.014	0	0	0	0	0	0.001
80	1:AND	1:AND		1	0	0	0	0	0	0	0
81	1:AND	1:AND		1	0	0	0	0	0	0	0
82	1:AND	1:AND		0.999	0	0	0	0	0	0	0.001
83	1:AND	1:AND		1	0	0	0	0	0	0	0
84	1:AND	1:AND		1	0	0	0	0	0	0	0
85	1:AND	1:AND		0.969	0	0	0	0	0	0	0.031
86	1:AND	1:AND		0.872	0.003	0	0	0	0	0	0.125
87	1:AND	1:AND		0.995	0	0	0	0	0	0	0.005
88	1:AND	1:AND		1	0	0	0	0	0	0	0
89	1:AND	2:OR	+	0.242	0.754	0	0	0	0	0	0.004
90	1:AND	1:AND		1	0	0	0	0	0	0	0
91	1:AND	1:AND		1	0	0	0	0	0	0	0
92	1:AND	1:AND		0.969	0.002	0	0	0	0	0	0.028
93	1:AND	1:AND		1	0	0	0	0	0	0	0
94	1:AND	1:AND		0.687	0.001	0	0	0	0	0	0.312
95	1:AND	1:AND		0.853	0.043	0	0	0	0.002	0	0.102
96	1:AND	1:AND		0.997	0	0	0	0	0	0	0.002
97	1:AND	1:AND		1	0	0	0	0	0	0	0
98	1:AND	1:AND		1	0	0	0	0	0	0	0
99	1:AND	1:AND		1	0	0	0	0	0	0	0
100	1:AND	1:AND		1	0	0	0	0	0	0	0
101	1:AND	1:AND		1	0	0	0	0	0	0	0
102	1:AND	1:AND		1	0	0	0	0	0	0	0
103	1:AND	1:AND		1	0	0	0	0	0	0	0
104	1:AND	8:LabelBox	+	0.436	0.001	0	0	0.001	0	0	0.562
105	1:AND	1:AND		0.982	0.017	0	0	0	0	0	0.001
106	1:AND	1:AND		1	0	0	0	0	0	0	0
107	1:AND	1:AND		1	0	0	0	0	0	0	0
108	1:AND	1:AND		0.995	0.005	0	0	0	0	0	0
109	1:AND	1:AND		0.995	0	0	0	0	0	0	0.005
110	1:AND	2:OR	+	0	1	0	0	0	0	0	0
111	1:AND	1:AND		0.995	0	0	0	0	0	0	0.005
112	1:AND	1:AND		0.995	0.005	0	0	0	0	0	0
113	1:AND	1:AND		1	0	0	0	0	0	0	0
114	1:AND	1:AND		1	0	0	0	0	0	0	0
115	1:AND	1:AND		1	0	0	0	0	0	0	0
116	1:AND	1:AND		1	0	0	0	0	0	0	0
117	1:AND	1:AND		1	0	0	0	0	0	0	0
118	1:AND	1:AND		0.995	0	0	0	0	0	0	0.005
119	1:AND	1:AND		1	0	0	0	0	0	0	0
120	1:AND	1:AND		1	0	0	0	0	0	0	0
121	1:AND	1:AND		1	0	0	0	0	0	0	0
122	3:NAND	3:NAND		0	0	0.975	0	0.023	0	0	0.002
123	3:NAND	5:NOT	+	0	0	0	0	1	0	0	0
124	3:NAND	3:NAND		0	0	0.975	0	0.023	0	0	0.002
125	3:NAND	3:NAND		0	0	0.975	0	0.023	0	0	0.002
126	3:NAND	3:NAND		0	0	0.975	0	0.023	0	0	0.002
127	3:NAND	4:NOR	+	0	0.022	0.012	0.957	0.008	0	0	0
128	3:NAND	3:NAND		0	0	0.975	0	0.023	0	0	0.002
129	3:NAND	3:NAND		0	0	0.975	0	0.023	0	0	0.002
130	3:NAND	3:NAND		0	0	0.975	0	0.023	0	0	0.002
131	8:LabelBox	5:NOT	+	0.204	0	0.002	0	0.452	0	0	0.342
132	8:LabelBox	1:AND	+	0.969	0	0	0	0	0	0	0.031
133	8:LabelBox	8:LabelBox		0	0	0	0	0	0	0	1
134	8:LabelBox	1:AND	+	0.92	0	0	0	0	0	0	0.08
135	8:LabelBox	8:LabelBox		0	0	0	0	0.012	0	0	0.987
136	8:LabelBox	1:AND	+	0.969	0	0	0	0	0	0	0.031
137	8:LabelBox	8:LabelBox		0.102	0	0	0	0	0	0	0.897
138	8:LabelBox	8:LabelBox		0	0	0.002	0	0	0	0	0.998
139	8:LabelBox	1:AND	+	0.92	0	0	0	0	0	0	0.08
140	8:LabelBox	8:LabelBox		0.154	0.004	0.003	0.001	0.012	0	0	0.826
141	8:LabelBox	8:LabelBox		0	0.001	0	0	0.005	0	0	0.994
142	8:LabelBox	8:LabelBox		0.002	0	0	0	0	0	0	0.998
143	8:LabelBox	8:LabelBox		0.006	0	0.001	0	0.101	0	0	0.891
144	8:LabelBox	8:LabelBox		0.001	0.033	0	0	0.006	0.003	0	0.957
145	8:LabelBox	8:LabelBox		0.003	0	0	0	0	0	0	0.997
146	8:LabelBox	5:NOT	+	0	0	0	0	0.731	0	0	0.269
147	8:LabelBox	8:LabelBox		0.05	0.013	0	0	0	0	0	0.937
148	8:LabelBox	8:LabelBox		0.016	0	0	0	0	0	0	0.983
149	8:LabelBox	5:NOT	+	0	0	0.078	0	0.906	0	0	0.016
150	8:LabelBox	1:AND	+	0.5	0	0.004	0	0.338	0	0	0.158
151	4:NOR	8:LabelBox	+	0.018	0.052	0.122	0.064	0.1	0	0	0.645
152	4:NOR	4:NOR		0	0.01	0.005	0.982	0.002	0	0.001	0
153	4:NOR	4:NOR		0	0.014	0	0.985	0	0	0	0
154	4:NOR	2:OR	+	0	0.72	0.011	0.228	0.04	0	0.001	0.001
155	4:NOR	3:NAND	+	0	0.079	0.895	0.007	0.013	0	0.002	0.004
156	4:NOR	5:NOT	+	0	0.027	0.006	0.017	0.65	0	0.004	0.296
157	4:NOR	2:OR	+	0	0.561	0	0.427	0.005	0	0	0.007
158	4:NOR	4:NOR		0	0.01	0.005	0.982	0.002	0	0.001	0
159	6:NOTBUBBL	6:NOTBUBBL		0.002	0.001	0	0	0	0.985	0	0.012
160	6:NOTBUBBL	2:OR	+	0.004	0.528	0.022	0.142	0.271	0	0.022	0.009
161	6:NOTBUBBL	6:NOTBUBBL		0.013	0.018	0.002	0	0	0.521	0	0.445
162	6:NOTBUBBL	6:NOTBUBBL		0	0	0	0	0.001	0.99	0	0.008
163	6:NOTBUBBL	6:NOTBUBBL		0.002	0.001	0	0	0	0.985	0	0.012
164	6:NOTBUBBL	6:NOTBUBBL		0.002	0.115	0	0	0.012	0.743	0	0.127
1	5:NOT	5:NOT		0	0	0	0.049	0.949	0	0	0.001
2	5:NOT	5:NOT		0	0	0	0	1	0	0	0
3	5:NOT	5:NOT		0	0	0	0	1	0	0	0
4	5:NOT	5:NOT		0	0	0	0	0.998	0	0	0.001
5	5:NOT	5:NOT		0	0	0	0	1	0	0	0
6	5:NOT	5:NOT		0	0	0	0	1	0	0	0
7	5:NOT	5:NOT		0	0	0.097	0	0.881	0	0	0.022
8	5:NOT	5:NOT		0	0	0	0	1	0	0	0
9	5:NOT	5:NOT		0	0	0	0	1	0	0	0
10	5:NOT	5:NOT		0	0	0	0	1	0	0	0
11	5:NOT	5:NOT		0	0	0	0.003	0.996	0	0	0.001
12	5:NOT	5:NOT		0	0	0	0.001	0.998	0	0	0.001
13	5:NOT	5:NOT		0	0	0	0	1	0	0	0
14	5:NOT	5:NOT		0	0	0	0	1	0	0	0
15	5:NOT	3:NAND	+	0	0	0.964	0	0.031	0	0	0.004
16	5:NOT	5:NOT		0	0	0	0	1	0	0	0
17	5:NOT	5:NOT		0	0	0	0	1	0	0	0
18	5:NOT	5:NOT		0	0	0.003	0	0.995	0	0	0.003
19	5:NOT	5:NOT		0	0	0.001	0	0.999	0	0	0
20	5:NOT	5:NOT		0	0	0	0	1	0	0	0
21	5:NOT	5:NOT		0	0	0	0	0.998	0	0	0.001
22	5:NOT	5:NOT		0	0	0	0	1	0	0	0
23	5:NOT	5:NOT		0	0	0	0	1	0	0	0
24	5:NOT	5:NOT		0	0	0	0	1	0	0	0
25	5:NOT	5:NOT		0	0	0	0	0.997	0	0	0.003
26	5:NOT	5:NOT		0	0	0	0	1	0	0	0
27	5:NOT	5:NOT		0	0	0	0	1	0	0	0
28	5:NOT	5:NOT		0	0	0	0.001	0.998	0	0	0.001
29	5:NOT	5:NOT		0.002	0.014	0	0	0.956	0	0	0.029
30	5:NOT	5:NOT		0	0	0	0	1	0	0	0
31	5:NOT	5:NOT		0	0	0	0	1	0	0	0
32	2:OR	2:OR		0.001	0.999	0	0	0	0	0	0
33	2:OR	2:OR		0	1	0	0	0	0	0	0
34	2:OR	2:OR		0	1	0	0	0	0	0	0
35	2:OR	2:OR		0.001	0.998	0	0	0	0	0.001	0
36	2:OR	2:OR		0	0.999	0	0	0	0	0.001	0
37	2:OR	2:OR		0.204	0.775	0	0	0	0	0	0.021
38	2:OR	2:OR		0.001	0.999	0	0	0	0	0	0
39	2:OR	8:LabelBox	+	0.001	0.045	0.094	0.123	0.022	0.001	0.002	0.712
40	2:OR	2:OR		0.04	0.96	0	0	0	0	0	0
41	2:OR	8:LabelBox	+	0.001	0.009	0	0	0.093	0	0	0.897
42	2:OR	1:AND	+	0.988	0.011	0	0	0	0	0	0.001
43	2:OR	2:OR		0	1	0	0	0	0	0	0
44	2:OR	2:OR		0.11	0.888	0	0	0	0	0	0.003
45	2:OR	2:OR		0.083	0.723	0.001	0	0.005	0	0.168	0.02
46	2:OR	2:OR		0	1	0	0	0	0	0	0
47	2:OR	2:OR		0	0.997	0	0	0	0	0.003	0
48	2:OR	2:OR		0	0.999	0	0	0	0	0	0
49	2:OR	2:OR		0	0.906	0	0	0.045	0	0.031	0.017
50	2:OR	2:OR		0.004	0.993	0	0.002	0	0	0	0
51	2:OR	1:AND	+	0.909	0.04	0	0	0	0	0	0.051
52	2:OR	2:OR		0	1	0	0	0	0	0	0
53	2:OR	1:AND	+	0.726	0.273	0	0	0	0	0	0.001
54	2:OR	2:OR		0	1	0	0	0	0	0	0
55	2:OR	2:OR		0.314	0.686	0	0	0	0	0	0
56	2:OR	2:OR		0.136	0.864	0	0	0	0	0	0
57	2:OR	2:OR		0.001	0.999	0	0	0	0	0	0
58	2:OR	2:OR		0.04	0.96	0	0	0	0	0	0
59	2:OR	2:OR		0	0.999	0	0	0	0	0	0
60	2:OR	5:NOT	+	0	0.007	0.052	0.011	0.88	0	0.009	0.042
61	2:OR	2:OR		0	0.994	0	0	0	0	0.001	0.005
62	2:OR	2:OR		0	0.998	0	0	0	0	0	0.002
63	7:XOR	7:XOR		0	0	0	0	0	0	1	0
64	7:XOR	7:XOR		0	0	0	0	0	0	1	0
65	7:XOR	7:XOR		0	0	0	0	0	0	1	0
66	7:XOR	7:XOR		0	0	0	0	0	0	1	0
67	7:XOR	7:XOR		0	0	0	0	0	0	1	0
68	7:XOR	7:XOR		0	0	0	0	0	0	1	0
69	7:XOR	7:XOR		0	0	0	0	0	0	1	0
70	7:XOR	7:XOR		0	0	0	0	0	0	1	0
71	7:XOR	7:XOR		0	0.003	0	0	0	0	0.997	0
72	7:XOR	7:XOR		0	0.012	0	0.003	0.001	0	0.984	0
73	7:XOR	7:XOR		0	0	0	0	0	0	1	0
74	7:XOR	7:XOR		0	0.056	0	0.046	0	0	0.897	0
75	7:XOR	7:XOR		0	0	0	0	0	0	1	0
76	7:XOR	2:OR	+	0	0.931	0	0	0	0	0.069	0
77	1:AND	1:AND		1	0	0	0	0	0	0	0
78	1:AND	1:AND		0.997	0	0	0	0	0	0	0.003
79	1:AND	1:AND		1	0	0	0	0	0	0	0
80	1:AND	1:AND		0.997	0	0	0	0	0	0	0.003
81	1:AND	1:AND		0.855	0.145	0	0	0	0	0	0
82	1:AND	8:LabelBox	+	0	0.002	0	0	0.032	0	0	0.966
83	1:AND	1:AND		1	0	0	0	0	0	0	0
84	1:AND	1:AND		0.994	0	0	0	0	0	0	0.006
85	1:AND	1:AND		1	0	0	0	0	0	0	0
86	1:AND	1:AND		0.947	0.002	0	0	0	0	0	0.051
87	1:AND	1:AND		1	0	0	0	0	0	0	0
88	1:AND	1:AND		1	0	0	0	0	0	0	0
89	1:AND	1:AND		0.813	0.143	0	0	0	0	0	0.044
90	1:AND	1:AND		1	0	0	0	0	0	0	0
91	1:AND	1:AND		0.999	0.001	0	0	0	0	0	0
92	1:AND	1:AND		0.994	0	0	0	0	0	0	0.006
93	1:AND	2:OR	+	0.008	0.991	0	0	0	0	0	0
94	1:AND	1:AND		0.855	0.145	0	0	0	0	0	0
95	1:AND	1:AND		0.971	0.021	0	0	0	0	0	0.008
96	1:AND	1:AND		0.824	0.005	0	0	0	0	0	0.17
97	1:AND	1:AND		1	0	0	0	0	0	0	0
98	1:AND	1:AND		0.994	0	0	0	0	0	0	0.006
99	1:AND	2:OR	+	0.134	0.612	0	0	0.001	0	0.002	0.251
100	1:AND	1:AND		1	0	0	0	0	0	0	0
101	1:AND	1:AND		1	0	0	0	0	0	0	0
102	1:AND	1:AND		1	0	0	0	0	0	0	0
103	1:AND	1:AND		1	0	0	0	0	0	0	0
104	1:AND	8:LabelBox	+	0.175	0	0	0	0	0.008	0	0.817
105	1:AND	1:AND		1	0	0	0	0	0	0	0
106	1:AND	1:AND		1	0	0	0	0	0	0	0
107	1:AND	1:AND		1	0	0	0	0	0	0	0
108	1:AND	1:AND		1	0	0	0	0	0	0	0
109	1:AND	5:NOT	+	0	0.001	0.002	0	0.795	0	0	0.203
110	1:AND	1:AND		1	0	0	0	0	0	0	0
111	1:AND	1:AND		1	0	0	0	0	0	0	0
112	1:AND	1:AND		1	0	0	0	0	0	0	0
113	1:AND	1:AND		0.986	0	0	0	0	0	0	0.014
114	1:AND	8:LabelBox	+	0.362	0	0	0	0	0	0	0.637
115	1:AND	1:AND		0.995	0	0	0	0	0	0	0.005
116	1:AND	1:AND		1	0	0	0	0	0	0	0
117	1:AND	1:AND		0.995	0	0	0	0	0	0	0.005
118	1:AND	1:AND		1	0	0	0	0	0	0	0
119	1:AND	1:AND		1	0	0	0	0	0	0	0
120	1:AND	1:AND		0.947	0.002	0	0	0	0	0	0.051
121	1:AND	1:AND		0.999	0	0	0	0	0	0	0
122	3:NAND	5:NOT	+	0	0.007	0.043	0.051	0.569	0.001	0	0.329
123	3:NAND	3:NAND		0	0	0.983	0	0.015	0	0	0.001
124	3:NAND	3:NAND		0	0	0.983	0	0.015	0	0	0.001
125	3:NAND	8:LabelBox	+	0.131	0	0.001	0	0.009	0.001	0	0.858
126	3:NAND	8:LabelBox	+	0.003	0.001	0.04	0	0.44	0	0	0.516
127	3:NAND	3:NAND		0	0	0.964	0	0.031	0	0	0.004
128	3:NAND	4:NOR	+	0.027	0.332	0.095	0.454	0.006	0	0	0.085
129	3:NAND	8:LabelBox	+	0.01	0	0.178	0	0.077	0	0	0.734
130	8:LabelBox	8:LabelBox		0.14	0.265	0	0	0	0.003	0	0.59
131	8:LabelBox	8:LabelBox		0.007	0.075	0	0	0.011	0	0	0.907
132	8:LabelBox	8:LabelBox		0	0	0	0	0	0	0	1
133	8:LabelBox	8:LabelBox		0	0	0	0	0	0	0	1
134	8:LabelBox	8:LabelBox		0.001	0	0	0	0	0	0	0.999
135	8:LabelBox	8:LabelBox		0.067	0.004	0.004	0.002	0.001	0	0	0.922
136	8:LabelBox	8:LabelBox		0	0	0	0	0	0	0	1
137	8:LabelBox	8:LabelBox		0.001	0	0	0	0	0	0	0.999
138	8:LabelBox	1:AND	+	0.829	0.014	0.039	0	0.006	0	0	0.112
139	8:LabelBox	1:AND	+	0.674	0	0	0	0	0	0	0.326
140	8:LabelBox	8:LabelBox		0	0	0	0	0	0	0	1
141	8:LabelBox	8:LabelBox		0.004	0.004	0	0	0	0	0	0.992
142	8:LabelBox	3:NAND	+	0.025	0.128	0.766	0	0.006	0	0.003	0.072
143	8:LabelBox	8:LabelBox		0.118	0.001	0	0	0.001	0	0	0.88
144	8:LabelBox	8:LabelBox		0.059	0.003	0.002	0	0.072	0	0	0.862
145	8:LabelBox	8:LabelBox		0.059	0.003	0.002	0	0.072	0	0	0.862
146	8:LabelBox	8:LabelBox		0.002	0.064	0.009	0	0.194	0	0	0.731
147	8:LabelBox	8:LabelBox		0.008	0	0	0	0	0	0	0.992
148	8:LabelBox	1:AND	+	0.919	0	0	0	0	0	0	0.081
149	8:LabelBox	2:OR	+	0.042	0.955	0	0	0	0	0	0.003
150	4:NOR	4:NOR		0	0.011	0.004	0.615	0.365	0	0	0.004
151	4:NOR	4:NOR		0	0.002	0	0.983	0.014	0	0	0
152	4:NOR	4:NOR		0	0.263	0	0.651	0	0	0.086	0
153	4:NOR	4:NOR		0	0.018	0.028	0.94	0.013	0	0	0
154	4:NOR	8:LabelBox	+	0.01	0.206	0.003	0.215	0.18	0	0.033	0.352
155	4:NOR	4:NOR		0	0	0.001	0.967	0.006	0	0.025	0
156	4:NOR	2:OR	+	0	0.793	0	0	0	0	0.203	0.004
157	4:NOR	2:OR	+	0.001	0.967	0.006	0.014	0.002	0	0.001	0.01
158	4:NOR	4:NOR		0	0.002	0	0.998	0	0	0	0
159	6:NOTBUBBL	6:NOTBUBBL		0.034	0	0	0	0	0.907	0	0.059
160	6:NOTBUBBL	6:NOTBUBBL		0.056	0	0	0	0	0.753	0	0.19
161	6:NOTBUBBL	6:NOTBUBBL		0.001	0	0	0	0	0.988	0	0.01
162	6:NOTBUBBL	6:NOTBUBBL		0.006	0	0	0	0	0.988	0	0.006
163	6:NOTBUBBL	6:NOTBUBBL		0.034	0	0	0	0	0.907	0	0.059
164	6:NOTBUBBL	1:AND	+	0.523	0.218	0.001	0.001	0	0.099	0	0.159
1	5:NOT	5:NOT		0	0.012	0	0	0.849	0	0	0.139
2	5:NOT	5:NOT		0	0	0	0	1	0	0	0
3	5:NOT	5:NOT		0	0	0	0	1	0	0	0
4	5:NOT	5:NOT		0	0	0	0	1	0	0	0
5	5:NOT	2:OR	+	0.001	0.801	0	0.001	0.043	0	0	0.154
6	5:NOT	5:NOT		0	0	0	0	1	0	0	0
7	5:NOT	5:NOT		0	0	0	0	1	0	0	0
8	5:NOT	5:NOT		0	0	0	0	1	0	0	0
9	5:NOT	5:NOT		0	0	0	0	1	0	0	0
10	5:NOT	5:NOT		0	0	0	0	0.998	0	0	0.002
11	5:NOT	5:NOT		0	0	0	0	1	0	0	0
12	5:NOT	5:NOT		0	0	0	0	1	0	0	0
13	5:NOT	5:NOT		0	0	0.009	0	0.977	0	0	0.014
14	5:NOT	5:NOT		0	0	0	0	1	0	0	0
15	5:NOT	5:NOT		0	0	0	0	0.997	0	0	0.003
16	5:NOT	5:NOT		0	0	0	0	1	0	0	0
17	5:NOT	5:NOT		0	0	0	0	1	0	0	0
18	5:NOT	5:NOT		0	0	0	0	1	0	0	0
19	5:NOT	5:NOT		0	0	0	0	0.976	0	0	0.024
20	5:NOT	5:NOT		0	0	0	0.001	0.998	0	0	0
21	5:NOT	5:NOT		0	0	0	0	0.999	0	0	0.001
22	5:NOT	5:NOT		0	0	0	0	1	0	0	0
23	5:NOT	5:NOT		0	0	0	0	1	0	0	0
24	5:NOT	3:NAND	+	0.001	0	0.819	0.001	0.172	0	0	0.007
25	5:NOT	8:LabelBox	+	0.001	0.001	0.001	0	0.401	0	0	0.595
26	5:NOT	5:NOT		0	0	0	0	0.999	0	0	0
27	5:NOT	5:NOT		0	0	0	0	1	0	0	0
28	5:NOT	5:NOT		0	0	0	0	1	0	0	0
29	5:NOT	5:NOT		0	0	0	0	1	0	0	0
30	5:NOT	5:NOT		0	0	0	0	1	0	0	0
31	5:NOT	5:NOT		0	0	0	0	1	0	0	0
32	2:OR	2:OR		0.04	0.96	0	0	0	0	0	0
33	2:OR	2:OR		0.005	0.995	0	0	0	0	0	0
34	2:OR	2:OR		0.033	0.951	0.002	0	0	0	0.001	0.012
35	2:OR	2:OR		0	0.904	0	0.046	0.013	0	0.009	0.027
36	2:OR	1:AND	+	0.8	0.096	0	0	0	0.001	0	0.103
37	2:OR	1:AND	+	0.595	0.309	0.017	0	0	0	0	0.078
38	2:OR	2:OR		0.063	0.937	0	0	0	0	0	0
39	2:OR	2:OR		0.007	0.979	0.001	0.002	0.001	0	0	0.011
40	2:OR	2:OR		0.001	0.988	0	0	0	0	0.001	0.01
41	2:OR	2:OR		0	1	0	0	0	0	0	0
42	2:OR	2:OR		0.001	0.983	0	0	0	0.001	0.011	0.005
43	2:OR	2:OR		0	1	0	0	0	0	0	0
44	2:OR	2:OR		0.001	0.988	0	0	0	0	0.001	0.01
45	2:OR	2:OR		0.296	0.703	0	0	0	0	0	0
46	2:OR	2:OR		0	1	0	0	0	0	0	0
47	2:OR	2:OR		0	1	0	0	0	0	0	0
48	2:OR	1:AND	+	0.729	0.27	0	0	0	0	0	0.001
49	2:OR	2:OR		0	0.999	0	0	0	0	0.001	0
50	2:OR	2:OR		0.001	0.999	0	0	0	0	0	0
51	2:OR	2:OR		0.001	0.999	0	0	0	0	0	0
52	2:OR	2:OR		0	1	0	0	0	0	0	0
53	2:OR	2:OR		0.012	0.987	0	0	0	0	0	0.001
54	2:OR	2:OR		0.009	0.991	0	0	0	0	0	0.001
55	2:OR	2:OR		0.103	0.852	0	0	0	0	0.038	0.007
56	2:OR	2:OR		0	0.999	0	0	0	0	0.001	0
57	2:OR	2:OR		0.004	0.966	0	0.001	0	0	0.03	0
58	2:OR	2:OR		0	0.713	0	0	0	0	0.287	0
59	2:OR	2:OR		0	1	0	0	0	0	0	0
60	2:OR	2:OR		0	1	0	0	0	0	0	0
61	2:OR	2:OR		0.187	0.811	0	0.001	0	0	0	0
62	2:OR	2:OR		0.04	0.96	0	0	0	0	0	0
63	7:XOR	7:XOR		0	0	0	0	0	0	1	0
64	7:XOR	7:XOR		0	0	0	0	0	0	1	0
65	7:XOR	7:XOR		0	0	0	0	0	0	1	0
66	7:XOR	2:OR	+	0	0.752	0	0.005	0	0	0.242	0
67	7:XOR	7:XOR		0	0	0	0	0	0	1	0
68	7:XOR	7:XOR		0	0	0	0	0	0	1	0
69	7:XOR	7:XOR		0	0	0	0	0	0	1	0
70	7:XOR	7:XOR		0	0	0	0	0	0	1	0
71	7:XOR	2:OR	+	0	0.502	0	0	0	0	0.498	0
72	7:XOR	7:XOR		0	0	0	0	0	0	1	0
73	7:XOR	7:XOR		0.001	0.289	0	0	0	0	0.709	0
74	7:XOR	2:OR	+	0	0.99	0	0	0	0	0.01	0
75	7:XOR	7:XOR		0	0	0	0	0	0	1	0
76	7:XOR	2:OR	+	0	0.886	0	0.02	0	0	0.094	0
77	1:AND	1:AND		0.89	0.001	0	0	0	0	0	0.108
78	1:AND	1:AND		1	0	0	0	0	0	0	0
79	1:AND	1:AND		1	0	0	0	0	0	0	0
80	1:AND	1:AND		0.992	0.001	0	0	0	0	0	0.007
81	1:AND	1:AND		1	0	0	0	0	0	0	0
82	1:AND	1:AND		0.964	0	0	0	0	0	0	0.035
83	1:AND	8:LabelBox	+	0.224	0.09	0	0	0.001	0	0.028	0.657
84	1:AND	1:AND		1	0	0	0	0	0	0	0
85	1:AND	1:AND		1	0	0	0	0	0	0	0
86	1:AND	1:AND		1	0	0	0	0	0	0	0
87	1:AND	1:AND		0.704	0.013	0	0	0	0.001	0	0.282
88	1:AND	1:AND		0.978	0.003	0	0	0	0	0	0.018
89	1:AND	1:AND		0.996	0	0	0	0	0	0	0.004
90	1:AND	1:AND		1	0	0	0	0	0	0	0
91	1:AND	1:AND		1	0	0	0	0	0	0	0
92	1:AND	1:AND		1	0	0	0	0	0	0	0
93	1:AND	1:AND		1	0	0	0	0	0	0	0
94	1:AND	1:AND		1	0	0	0	0	0	0	0
95	1:AND	1:AND		0.995	0	0	0	0	0	0	0.005
96	1:AND	1:AND		0.756	0.038	0.023	0	0.005	0	0	0.178
97	1:AND	1:AND		1	0	0	0	0	0	0	0
98	1:AND	1:AND		0.998	0.001	0	0	0	0	0	0
99	1:AND	1:AND		1	0	0	0	0	0	0	0
100	1:AND	1:AND		1	0	0	0	0	0	0	0
101	1:AND	1:AND		0.577	0.023	0	0	0.002	0	0	0.398
102	1:AND	2:OR	+	0.001	0.999	0	0	0	0	0	0
103	1:AND	8:LabelBox	+	0.099	0.019	0.15	0	0.028	0	0	0.704
104	1:AND	1:AND		0.996	0.004	0	0	0	0	0	0
105	1:AND	2:OR	+	0.138	0.595	0	0	0.02	0	0.008	0.238
106	1:AND	1:AND		1	0	0	0	0	0	0	0
107	1:AND	1:AND		0.962	0.005	0	0	0	0	0	0.033
108	1:AND	1:AND		1	0	0	0	0	0	0	0
109	1:AND	1:AND		0.992	0	0	0	0	0	0	0.008
110	1:AND	1:AND		1	0	0	0	0	0	0	0
111	1:AND	1:AND		1	0	0	0	0	0	0	0
112	1:AND	1:AND		1	0	0	0	0	0	0	0
113	1:AND	1:AND		1	0	0	0	0	0	0	0
114	1:AND	1:AND		0.909	0	0	0	0	0	0	0.091
115	1:AND	1:AND		1	0	0	0	0	0	0	0
116	1:AND	1:AND		0.994	0.006	0	0	0	0	0	0
117	1:AND	1:AND		0.901	0.097	0	0	0	0	0	0.002
118	1:AND	1:AND		1	0	0	0	0	0	0	0
119	1:AND	8:LabelBox	+	0.188	0.324	0.001	0	0	0	0	0.487
120	1:AND	1:AND		1	0	0	0	0	0	0	0
121	1:AND	8:LabelBox	+	0.131	0.028	0	0	0	0	0	0.841
122	3:NAND	3:NAND		0	0	0.893	0	0.104	0	0	0.002
123	3:NAND	3:NAND		0	0	0.893	0	0.104	0	0	0.002
124	3:NAND	3:NAND		0	0.001	0.975	0	0.015	0	0	0.008
125	3:NAND	5:NOT	+	0	0	0.023	0	0.976	0	0	0
126	3:NAND	3:NAND		0	0	0.893	0	0.104	0	0	0.002
127	3:NAND	3:NAND		0	0	0.98	0	0.019	0	0	0.001
128	3:NAND	5:NOT	+	0	0	0.002	0	0.997	0	0	0.001
129	3:NAND	3:NAND		0	0	0.567	0	0.33	0	0	0.103
130	8:LabelBox	6:NOTBUBBL	+	0.026	0	0	0	0	0.951	0	0.023
131	8:LabelBox	8:LabelBox		0.389	0.001	0	0	0	0	0	0.61
132	8:LabelBox	8:LabelBox		0	0	0	0	0	0	0	1
133	8:LabelBox	5:NOT	+	0.166	0	0.001	0	0.431	0	0	0.401
134	8:LabelBox	8:LabelBox		0.021	0.031	0	0	0	0	0	0.948
135	8:LabelBox	8:LabelBox		0.111	0	0	0	0	0	0	0.889
136	8:LabelBox	1:AND	+	0.777	0.013	0.053	0	0.006	0	0	0.15
137	8:LabelBox	8:LabelBox		0.328	0	0	0	0	0	0	0.672
138	8:LabelBox	1:AND	+	0.701	0	0	0	0	0	0	0.298
139	8:LabelBox	8:LabelBox		0.005	0.104	0.037	0.133	0.095	0	0.001	0.624
140	8:LabelBox	1:AND	+	1	0	0	0	0	0	0	0
141	8:LabelBox	1:AND	+	0.979	0.004	0	0	0	0	0	0.017
142	8:LabelBox	8:LabelBox		0.002	0.013	0	0	0.001	0	0	0.984
143	8:LabelBox	8:LabelBox		0	0.006	0.003	0	0.071	0	0	0.919
144	8:LabelBox	8:LabelBox		0.04	0	0	0	0.003	0	0	0.957
145	8:LabelBox	8:LabelBox		0.002	0.026	0	0	0.003	0.001	0	0.968
146	8:LabelBox	8:LabelBox		0.145	0.021	0	0	0.002	0	0	0.832
147	8:LabelBox	8:LabelBox		0.145	0.021	0	0	0.002	0	0	0.832
148	8:LabelBox	8:LabelBox		0	0	0	0	0	0	0	1
149	8:LabelBox	1:AND	+	0.909	0	0	0	0	0	0	0.091
150	4:NOR	5:NOT	+	0.001	0.07	0.023	0.106	0.626	0.001	0	0.173
151	4:NOR	4:NOR		0	0.01	0.009	0.975	0.004	0	0.001	0
152	4:NOR	4:NOR		0	0.001	0	0.998	0	0	0.001	0
153	4:NOR	4:NOR		0.005	0.3	0.03	0.661	0.002	0	0.001	0.001
154	4:NOR	5:NOT	+	0	0.036	0.02	0.436	0.471	0	0	0.037
155	4:NOR	4:NOR		0	0.01	0.009	0.975	0.004	0	0.001	0
156	4:NOR	4:NOR		0	0.01	0.009	0.975	0.004	0	0.001	0
157	4:NOR	4:NOR		0	0.161	0.005	0.831	0.002	0	0.001	0
158	6:NOTBUBBL	6:NOTBUBBL		0.003	0	0	0	0	0.987	0	0.01
159	6:NOTBUBBL	8:LabelBox	+	0.031	0.005	0	0	0.001	0.419	0	0.544
160	6:NOTBUBBL	6:NOTBUBBL		0	0	0	0	0.001	0.982	0	0.016
161	6:NOTBUBBL	6:NOTBUBBL		0.003	0	0	0	0	0.987	0	0.01
162	6:NOTBUBBL	6:NOTBUBBL		0.19	0.004	0	0	0	0.603	0	0.202
163	6:NOTBUBBL	6:NOTBUBBL		0	0	0	0	0.003	0.993	0	0.003
164	6:NOTBUBBL	6:NOTBUBBL		0.001	0.007	0	0	0.001	0.972	0	0.019
1	5:NOT	5:NOT		0	0	0	0	1	0	0	0
2	5:NOT	5:NOT		0	0	0	0	1	0	0	0
3	5:NOT	5:NOT		0	0	0	0	1	0	0	0
4	5:NOT	5:NOT		0	0	0	0	0.996	0	0	0.004
5	5:NOT	5:NOT		0	0	0	0	1	0	0	0
6	5:NOT	5:NOT		0.001	0	0.025	0	0.974	0	0	0
7	5:NOT	5:NOT		0	0	0	0	1	0	0	0
8	5:NOT	5:NOT		0	0	0	0	1	0	0	0
9	5:NOT	5:NOT		0	0	0	0	1	0	0	0
10	5:NOT	5:NOT		0	0	0	0	1	0	0	0
11	5:NOT	5:NOT		0	0	0	0	1	0	0	0
12	5:NOT	5:NOT		0	0	0	0	1	0	0	0
13	5:NOT	5:NOT		0	0	0.001	0	0.998	0	0	0.002
14	5:NOT	5:NOT		0	0	0	0	1	0	0	0
15	5:NOT	5:NOT		0	0	0	0	1	0	0	0
16	5:NOT	5:NOT		0	0	0	0	1	0	0	0
17	5:NOT	5:NOT		0	0	0	0	1	0	0	0
18	5:NOT	5:NOT		0	0	0	0	1	0	0	0
19	5:NOT	5:NOT		0	0	0	0	0.998	0	0	0.002
20	5:NOT	5:NOT		0	0	0.005	0	0.994	0	0	0.001
21	5:NOT	5:NOT		0	0	0.305	0	0.659	0	0	0.036
22	5:NOT	5:NOT		0	0	0	0	1	0	0	0
23	5:NOT	3:NAND	+	0.012	0.01	0.907	0	0.061	0	0	0.01
24	5:NOT	5:NOT		0	0	0	0	1	0	0	0
25	5:NOT	5:NOT		0.008	0.026	0	0	0.946	0	0	0.019
26	5:NOT	5:NOT		0	0	0	0	1	0	0	0
27	5:NOT	5:NOT		0.002	0.004	0.001	0	0.828	0	0	0.165
28	5:NOT	5:NOT		0	0	0	0	1	0	0	0
29	5:NOT	5:NOT		0	0	0	0	1	0	0	0
30	5:NOT	5:NOT		0	0	0	0	1	0	0	0
31	5:NOT	5:NOT		0	0	0	0	1	0	0	0
32	2:OR	2:OR		0.005	0.99	0	0	0	0	0	0.005
33	2:OR	4:NOR	+	0	0.463	0	0.53	0.003	0	0.001	0.004
34	2:OR	2:OR		0.039	0.961	0	0	0	0	0	0
35	2:OR	2:OR		0.001	0.999	0	0	0	0	0	0
36	2:OR	2:OR		0	0.994	0	0	0	0	0.001	0.005
37	2:OR	2:OR		0.002	0.998	0	0	0	0	0	0
38	2:OR	1:AND	+	1	0	0	0	0	0	0	0
39	2:OR	2:OR		0.009	0.99	0	0	0	0	0	0.001
40	2:OR	2:OR		0	0.997	0	0.001	0	0	0.001	0
41	2:OR	2:OR		0.008	0.888	0.001	0	0.059	0	0	0.044
42	2:OR	2:OR		0	1	0	0	0	0	0	0
43	2:OR	2:OR		0	1	0	0	0	0	0	0
44	2:OR	2:OR		0	0.996	0	0	0	0	0.004	0
45	2:OR	2:OR		0.001	0.999	0	0	0	0	0	0
46	2:OR	2:OR		0.024	0.976	0	0	0	0	0	0
47	2:OR	2:OR		0	0.999	0	0	0	0	0.001	0
48	2:OR	5:NOT	+	0	0	0	0	0.99	0	0	0.01
49	2:OR	2:OR		0	1	0	0	0	0	0	0
50	2:OR	2:OR		0	0.999	0	0	0	0	0.001	0
51	2:OR	2:OR		0	0.967	0	0	0	0	0.003	0.029
52	2:OR	2:OR		0.002	0.998	0	0	0	0	0	0
53	2:OR	2:OR		0	1	0	0	0	0	0	0
54	2:OR	2:OR		0.005	0.99	0	0	0	0	0	0.005
55	2:OR	2:OR		0	1	0	0	0	0	0	0
56	2:OR	2:OR		0.001	0.999	0	0	0	0	0	0
57	2:OR	2:OR		0	0.99	0	0	0	0	0.006	0.003
58	2:OR	2:OR		0	0.999	0	0	0	0	0.001	0
59	2:OR	2:OR		0.001	0.999	0	0	0	0	0	0
60	2:OR	2:OR		0	0.643	0	0	0	0	0.357	0
61	2:OR	1:AND	+	0.796	0.165	0	0	0	0	0	0.039
62	2:OR	2:OR		0	1	0	0	0	0	0	0
63	7:XOR	7:XOR		0.013	0.026	0	0	0	0	0.96	0
64	7:XOR	7:XOR		0	0.332	0	0	0	0	0.666	0.002
65	7:XOR	2:OR	+	0	0.975	0	0	0	0	0.025	0
66	7:XOR	7:XOR		0	0	0	0	0	0	1	0
67	7:XOR	7:XOR		0	0	0	0.001	0.015	0	0.984	0
68	7:XOR	7:XOR		0	0	0	0	0	0	1	0
69	7:XOR	7:XOR		0	0	0	0	0	0	1	0
70	7:XOR	7:XOR		0	0.151	0	0	0	0	0.849	0
71	7:XOR	7:XOR		0	0.001	0	0	0.001	0	0.99	0.008
72	7:XOR	7:XOR		0	0	0	0	0	0	1	0
73	7:XOR	7:XOR		0	0.09	0	0	0	0	0.91	0
74	7:XOR	7:XOR		0	0.032	0	0	0	0	0.968	0
75	7:XOR	7:XOR		0	0	0	0	0	0	1	0
76	7:XOR	2:OR	+	0	0.95	0	0	0	0	0.05	0
77	1:AND	1:AND		1	0	0	0	0	0	0	0
78	1:AND	1:AND		0.998	0.001	0	0	0	0	0	0.001
79	1:AND	1:AND		1	0	0	0	0	0	0	0
80	1:AND	1:AND		0.996	0	0	0	0	0	0	0.004
81	1:AND	1:AND		0.995	0.004	0	0	0	0	0	0.001
82	1:AND	1:AND		1	0	0	0	0	0	0	0
83	1:AND	1:AND		0.879	0.016	0	0	0.043	0	0	0.062
84	1:AND	2:OR	+	0.005	0.995	0	0	0	0	0	0
85	1:AND	1:AND		0.984	0.001	0	0	0	0	0	0.015
86	1:AND	1:AND		1	0	0	0	0	0	0	0
87	1:AND	1:AND		1	0	0	0	0	0	0	0
88	1:AND	1:AND		1	0	0	0	0	0	0	0
89	1:AND	1:AND		0.999	0	0	0	0	0	0	0.001
90	1:AND	1:AND		1	0	0	0	0	0	0	0
91	1:AND	1:AND		0.996	0	0	0	0	0	0	0.004
92	1:AND	1:AND		0.813	0	0	0	0	0	0	0.187
93	1:AND	1:AND		1	0	0	0	0	0	0	0
94	1:AND	1:AND		0.977	0.011	0	0	0	0	0.001	0.011
95	1:AND	1:AND		1	0	0	0	0	0	0	0
96	1:AND	1:AND		1	0	0	0	0	0	0	0
97	1:AND	1:AND		0.813	0	0	0	0	0	0	0.187
98	1:AND	1:AND		0.614	0.014	0	0	0	0	0	0.372
99	1:AND	1:AND		0.997	0.001	0	0	0	0	0	0.002
100	1:AND	1:AND		0.995	0.004	0	0	0	0	0	0.001
101	1:AND	1:AND		1	0	0	0	0	0	0	0
102	1:AND	1:AND		1	0	0	0	0	0	0	0
103	1:AND	1:AND		0.996	0	0	0	0	0	0	0.004
104	1:AND	1:AND		0.972	0.015	0	0	0	0	0	0.013
105	1:AND	2:OR	+	0.214	0.778	0	0	0	0	0	0.008
106	1:AND	1:AND		0.726	0.048	0	0	0	0	0	0.226
107	1:AND	1:AND		1	0	0	0	0	0	0	0
108	1:AND	1:AND		0.813	0	0	0	0	0	0	0.187
109	1:AND	1:AND		1	0	0	0	0	0	0	0
110	1:AND	1:AND		0.999	0	0	0	0	0	0	0.001
111	1:AND	8:LabelBox	+	0.021	0.001	0	0	0	0	0	0.977
112	1:AND	1:AND		0.813	0	0	0	0	0	0	0.187
113	1:AND	1:AND		0.813	0	0	0	0	0	0	0.187
114	1:AND	1:AND		1	0	0	0	0	0	0	0
115	1:AND	1:AND		1	0	0	0	0	0	0	0
116	1:AND	1:AND		1	0	0	0	0	0	0	0
117	1:AND	1:AND		0.902	0.051	0	0	0	0	0	0.047
118	1:AND	1:AND		1	0	0	0	0	0	0	0
119	1:AND	1:AND		0.963	0.02	0	0	0	0	0	0.017
120	1:AND	1:AND		1	0	0	0	0	0	0	0
121	3:NAND	3:NAND		0	0	0.982	0	0.017	0	0	0.002
122	3:NAND	3:NAND		0	0	0.859	0.001	0.112	0	0	0.028
123	3:NAND	3:NAND		0	0	0.982	0	0.017	0	0	0.002
124	3:NAND	3:NAND		0	0	0.982	0	0.017	0	0	0.002
125	3:NAND	3:NAND		0	0	0.982	0	0.017	0	0	0.002
126	3:NAND	3:NAND		0	0	0.982	0	0.017	0	0	0.002
127	3:NAND	3:NAND		0	0	0.982	0	0.017	0	0	0.002
128	3:NAND	4:NOR	+	0.003	0.182	0.005	0.809	0.001	0	0	0.001
129	3:NAND	8:LabelBox	+	0.003	0.072	0	0	0.232	0	0	0.692
130	8:LabelBox	1:AND	+	0.969	0	0.019	0	0.003	0	0	0.008
131	8:LabelBox	1:AND	+	0.995	0	0	0	0	0	0	0.005
132	8:LabelBox	1:AND	+	0.793	0.002	0	0	0	0	0	0.204
133	8:LabelBox	1:AND	+	0.999	0	0	0	0	0	0	0.001
134	8:LabelBox	5:NOT	+	0.001	0	0.001	0	0.71	0	0	0.288
135	8:LabelBox	8:LabelBox		0	0	0	0.005	0.014	0	0	0.98
136	8:LabelBox	8:LabelBox		0.476	0.001	0	0	0.001	0	0	0.522
137	8:LabelBox	8:LabelBox		0.034	0.009	0	0	0	0.001	0	0.955
138	8:LabelBox	1:AND	+	0.559	0	0.004	0	0.303	0	0	0.133
139	8:LabelBox	8:LabelBox		0.033	0.171	0	0	0	0	0	0.796
140	8:LabelBox	8:LabelBox		0.111	0.134	0	0	0.003	0	0.004	0.748
141	8:LabelBox	8:LabelBox		0.385	0	0	0	0.023	0	0	0.592
142	8:LabelBox	1:AND	+	0.559	0	0.004	0	0.303	0	0	0.133
143	8:LabelBox	8:LabelBox		0.04	0.009	0	0	0.001	0	0	0.95
144	8:LabelBox	8:LabelBox		0	0	0	0	0	0	0	1
145	8:LabelBox	8:LabelBox		0.441	0.047	0	0	0	0	0	0.512
146	8:LabelBox	8:LabelBox		0.001	0.065	0	0	0.001	0	0	0.934
147	8:LabelBox	8:LabelBox		0.207	0	0	0	0.001	0	0	0.792
148	8:LabelBox	8:LabelBox		0	0	0	0	0	0	0	1
149	8:LabelBox	8:LabelBox		0.077	0.039	0	0	0.003	0	0	0.881
150	4:NOR	4:NOR		0	0.001	0	0.998	0	0	0.001	0
151	4:NOR	4:NOR		0	0.001	0	0.998	0	0	0.001	0
152	4:NOR	4:NOR		0	0.441	0	0.546	0	0	0.012	0.001
153	4:NOR	4:NOR		0	0.329	0	0.46	0	0	0.21	0.001
154	4:NOR	2:OR	+	0	0.658	0.001	0.338	0.002	0	0.001	0
155	4:NOR	4:NOR		0	0.148	0	0.648	0.001	0	0.203	0
156	4:NOR	5:NOT	+	0	0	0	0.006	0.987	0	0	0.006
157	4:NOR	2:OR	+	0.002	0.852	0.001	0.015	0.057	0	0	0.073
158	6:NOTBUBBL	8:LabelBox	+	0.002	0.028	0	0	0.004	0	0	0.965
159	6:NOTBUBBL	6:NOTBUBBL		0	0.001	0	0	0.002	0.992	0	0.005
160	6:NOTBUBBL	2:OR	+	0.003	0.981	0	0	0	0	0	0.015
161	6:NOTBUBBL	6:NOTBUBBL		0.006	0	0	0	0	0.989	0	0.005
162	6:NOTBUBBL	6:NOTBUBBL		0.01	0.001	0	0	0	0.714	0	0.275
163	6:NOTBUBBL	6:NOTBUBBL		0.019	0	0	0	0	0.761	0	0.22
164	6:NOTBUBBL	6:NOTBUBBL		0.005	0.05	0.002	0.001	0.168	0.427	0.152	0.195
1	5:NOT	5:NOT		0	0.002	0.001	0.013	0.973	0	0	0.012
2	5:NOT	5:NOT		0	0	0	0	1	0	0	0
3	5:NOT	5:NOT		0	0	0	0	1	0	0	0
4	5:NOT	5:NOT		0	0	0.009	0	0.99	0	0	0
5	5:NOT	5:NOT		0	0	0	0	1	0	0	0
6	5:NOT	5:NOT		0	0.001	0	0	0.997	0	0	0.002
7	5:NOT	5:NOT		0	0	0	0	1	0	0	0
8	5:NOT	5:NOT		0	0	0	0	1	0	0	0
9	5:NOT	5:NOT		0	0	0	0	1	0	0	0
10	5:NOT	5:NOT		0	0	0	0	1	0	0	0
11	5:NOT	5:NOT		0	0	0	0	1	0	0	0
12	5:NOT	5:NOT		0	0	0	0	1	0	0	0
13	5:NOT	5:NOT		0	0	0	0	1	0	0	0
14	5:NOT	5:NOT		0	0.005	0	0	0.986	0	0	0.009
15	5:NOT	5:NOT		0	0	0.001	0	0.999	0	0	0
16	5:NOT	5:NOT		0	0	0	0	1	0	0	0
17	5:NOT	5:NOT		0	0	0	0	0.999	0	0	0
18	5:NOT	5:NOT		0	0	0	0	1	0	0	0
19	5:NOT	5:NOT		0	0	0	0	1	0	0	0
20	5:NOT	5:NOT		0	0	0.01	0	0.985	0	0	0.005
21	5:NOT	5:NOT		0	0	0	0	1	0	0	0
22	5:NOT	5:NOT		0	0	0	0.002	0.997	0	0	0
23	5:NOT	5:NOT		0	0	0	0	1	0	0	0
24	5:NOT	5:NOT		0	0	0	0	1	0	0	0
25	5:NOT	5:NOT		0	0.001	0	0	0.997	0	0	0.002
26	5:NOT	5:NOT		0	0	0	0	1	0	0	0
27	5:NOT	5:NOT		0	0	0	0	1	0	0	0
28	5:NOT	5:NOT		0	0	0	0	1	0	0	0
29	5:NOT	5:NOT		0	0	0	0	1	0	0	0
30	5:NOT	5:NOT		0	0	0	0	1	0	0	0
31	5:NOT	5:NOT		0	0	0	0	1	0	0	0
32	2:OR	2:OR		0.285	0.707	0	0.001	0	0	0	0.006
33	2:OR	2:OR		0.014	0.651	0	0	0.013	0	0.072	0.25
34	2:OR	2:OR		0	1	0	0	0	0	0	0
35	2:OR	2:OR		0.004	0.996	0	0	0	0	0	0
36	2:OR	2:OR		0.001	0.999	0	0	0	0	0	0
37	2:OR	2:OR		0	1	0	0	0	0	0	0
38	2:OR	2:OR		0.001	0.999	0	0	0	0	0	0
39	2:OR	2:OR		0.001	0.999	0	0	0	0	0	0
40	2:OR	8:LabelBox	+	0.08	0.235	0.005	0	0.015	0	0	0.665
41	2:OR	1:AND	+	0.663	0.335	0	0	0	0	0	0.002
42	2:OR	2:OR		0	1	0	0	0	0	0	0
43	2:OR	2:OR		0	1	0	0	0	0	0	0
44	2:OR	2:OR		0.017	0.727	0	0	0.002	0	0	0.254
45	2:OR	2:OR		0.001	0.999	0	0	0	0	0	0
46	2:OR	2:OR		0	1	0	0	0	0	0	0
47	2:OR	2:OR		0.003	0.989	0	0	0.003	0	0	0.006
48	2:OR	2:OR		0.001	0.999	0	0	0	0	0	0
49	2:OR	2:OR		0.003	0.996	0	0	0	0	0	0.001
50	2:OR	2:OR		0	1	0	0	0	0	0	0
51	2:OR	2:OR		0.001	0.999	0	0	0	0	0	0
52	2:OR	2:OR		0	0.996	0	0	0	0	0.002	0.002
53	2:OR	2:OR		0	1	0	0	0	0	0	0
54	2:OR	7:XOR	+	0	0.002	0	0	0	0	0.998	0
55	2:OR	2:OR		0	0.986	0	0	0	0	0.014	0
56	2:OR	2:OR		0	1	0	0	0	0	0	0
57	2:OR	2:OR		0.006	0.992	0	0	0	0	0	0.001
58	2:OR	2:OR		0	0.997	0	0.002	0	0	0	0
59	2:OR	2:OR		0	1	0	0	0	0	0	0
60	2:OR	2:OR		0	1	0	0	0	0	0	0
61	2:OR	2:OR		0	1	0	0	0	0	0	0
62	2:OR	1:AND	+	0.619	0.214	0	0	0	0	0	0.167
63	7:XOR	7:XOR		0	0	0	0	0	0	1	0
64	7:XOR	7:XOR		0.001	0.198	0	0	0	0	0.8	0
65	7:XOR	2:OR	+	0	0.64	0	0.005	0	0	0.353	0.002
66	7:XOR	7:XOR		0	0.073	0	0	0	0	0.927	0
67	7:XOR	2:OR	+	0.003	0.994	0	0	0.001	0	0	0.002
68	7:XOR	7:XOR		0	0.073	0	0	0	0	0.927	0
69	7:XOR	7:XOR		0	0	0	0	0	0	1	0
70	7:XOR	2:OR	+	0	0.994	0	0	0	0	0.006	0
71	7:XOR	7:XOR		0	0	0	0	0	0	1	0
72	7:XOR	7:XOR		0	0	0	0	0	0	1	0
73	7:XOR	2:OR	+	0.008	0.988	0	0	0	0	0.003	0
74	7:XOR	2:OR	+	0.046	0.871	0.002	0	0.042	0	0	0.038
75	7:XOR	7:XOR		0	0	0	0	0	0	1	0
76	7:XOR	7:XOR		0	0	0	0	0	0	1	0
77	1:AND	1:AND		1	0	0	0	0	0	0	0
78	1:AND	1:AND		0.399	0.395	0	0	0	0	0	0.206
79	1:AND	1:AND		0.993	0.006	0	0	0	0	0	0
80	1:AND	1:AND		0.556	0.001	0	0	0.08	0	0	0.363
81	1:AND	1:AND		0.982	0	0	0	0	0	0	0.017
82	1:AND	1:AND		1	0	0	0	0	0	0	0
83	1:AND	1:AND		1	0	0	0	0	0	0	0
84	1:AND	1:AND		1	0	0	0	0	0	0	0
85	1:AND	1:AND		1	0	0	0	0	0	0	0
86	1:AND	1:AND		0.995	0	0	0	0	0	0	0.004
87	1:AND	1:AND		1	0	0	0	0	0	0	0
88	1:AND	1:AND		0.998	0.002	0	0	0	0	0	0
89	1:AND	1:AND		0.537	0.435	0.003	0	0	0	0	0.025
90	1:AND	1:AND		0.867	0.117	0.001	0	0.001	0	0	0.015
91	1:AND	1:AND		0.997	0.002	0	0	0	0	0	0.001
92	1:AND	1:AND		0.999	0	0	0	0	0	0	0.001
93	1:AND	1:AND		0.998	0	0	0	0	0	0	0.002
94	1:AND	1:AND		1	0	0	0	0	0	0	0
95	1:AND	1:AND		1	0	0	0	0	0	0	0
96	1:AND	1:AND		1	0	0	0	0	0	0	0
97	1:AND	1:AND		1	0	0	0	0	0	0	0
98	1:AND	1:AND		1	0	0	0	0	0	0	0
99	1:AND	1:AND		1	0	0	0	0	0	0	0
100	1:AND	1:AND		0.998	0.001	0	0	0	0	0	0.001
101	1:AND	1:AND		1	0	0	0	0	0	0	0
102	1:AND	1:AND		0.993	0.006	0	0	0	0	0	0
103	1:AND	1:AND		0.901	0	0	0	0	0	0	0.099
104	1:AND	1:AND		0.999	0	0	0	0	0	0	0.001
105	1:AND	1:AND		1	0	0	0	0	0	0	0
106	1:AND	1:AND		1	0	0	0	0	0	0	0
107	1:AND	1:AND		1	0	0	0	0	0	0	0
108	1:AND	1:AND		1	0	0	0	0	0	0	0
109	1:AND	1:AND		0.608	0.001	0	0	0	0.13	0	0.261
110	1:AND	1:AND		1	0	0	0	0	0	0	0
111	1:AND	1:AND		0.969	0	0	0	0	0	0	0.031
112	1:AND	1:AND		1	0	0	0	0	0	0	0
113	1:AND	2:OR	+	0	0.984	0	0	0.001	0	0	0.015
114	1:AND	1:AND		0.996	0.001	0	0	0	0	0	0.003
115	1:AND	1:AND		0.995	0	0	0	0	0	0	0.005
116	1:AND	1:AND		1	0	0	0	0	0	0	0
117	1:AND	1:AND		1	0	0	0	0	0	0	0
118	1:AND	8:LabelBox	+	0.184	0.006	0	0	0.001	0	0	0.81
119	1:AND	1:AND		0.975	0.024	0	0	0	0	0	0.001
120	1:AND	1:AND		0.959	0.008	0	0	0	0	0	0.033
121	3:NAND	3:NAND		0	0	0.949	0	0.045	0	0	0.006
122	3:NAND	5:NOT	+	0	0	0	0	1	0	0	0
123	3:NAND	5:NOT	+	0	0.006	0.159	0.009	0.727	0	0.001	0.099
124	3:NAND	3:NAND		0	0	0.982	0	0.016	0	0	0.001
125	3:NAND	5:NOT	+	0	0	0.054	0	0.931	0	0	0.015
126	3:NAND	3:NAND		0	0	0.475	0.001	0.214	0	0	0.31
127	3:NAND	3:NAND		0	0.001	0.763	0	0.228	0	0	0.007
128	3:NAND	3:NAND		0.003	0.003	0.952	0	0.029	0	0	0.012
129	3:NAND	2:OR	+	0.004	0.452	0.343	0.175	0.001	0	0	0.026
130	8:LabelBox	8:LabelBox		0.079	0.011	0	0	0.002	0	0	0.909
131	8:LabelBox	5:NOT	+	0.001	0	0	0	0.759	0	0	0.239
132	8:LabelBox	8:LabelBox		0	0	0.005	0	0.001	0	0	0.993
133	8:LabelBox	8:LabelBox		0	0.104	0	0	0.001	0.004	0	0.891
134	8:LabelBox	8:LabelBox		0.002	0.056	0	0	0.002	0	0	0.94
135	8:LabelBox	1:AND	+	0.438	0	0.003	0	0.366	0	0	0.192
136	8:LabelBox	5:NOT	+	0.008	0.017	0	0	0.822	0	0	0.153
137	8:LabelBox	1:AND	+	0.482	0.287	0	0	0	0.003	0	0.229
138	8:LabelBox	8:LabelBox		0.262	0.234	0.021	0	0.005	0	0	0.478
139	8:LabelBox	8:LabelBox		0.018	0.039	0	0	0	0	0	0.943
140	8:LabelBox	8:LabelBox		0.077	0	0	0	0	0.006	0	0.916
141	8:LabelBox	1:AND	+	1	0	0	0	0	0	0	0
142	8:LabelBox	8:LabelBox		0	0	0.003	0	0.116	0	0	0.88
143	8:LabelBox	8:LabelBox		0.007	0.002	0	0	0.137	0	0	0.854
144	8:LabelBox	8:LabelBox		0.458	0	0	0	0.001	0	0	0.541
145	8:LabelBox	8:LabelBox		0	0	0	0	0	0	0	1
146	8:LabelBox	8:LabelBox		0.018	0.039	0	0	0	0	0	0.943
147	8:LabelBox	1:AND	+	0.939	0.036	0	0	0	0	0	0.025
148	8:LabelBox	8:LabelBox		0.004	0.047	0	0.001	0.2	0	0	0.748
149	8:LabelBox	8:LabelBox		0	0.001	0.001	0.001	0.01	0	0.001	0.987
150	4:NOR	4:NOR		0	0.015	0	0.843	0.088	0	0.011	0.043
151	4:NOR	4:NOR		0	0.01	0.006	0.979	0.004	0	0	0
152	4:NOR	4:NOR		0	0.01	0.006	0.979	0.004	0	0	0
153	4:NOR	4:NOR		0	0.001	0	0.998	0	0	0	0
154	4:NOR	5:NOT	+	0	0.003	0	0.053	0.94	0	0.002	0.001
155	4:NOR	4:NOR		0	0.249	0.002	0.746	0.002	0	0	0
156	4:NOR	4:NOR		0	0.017	0.004	0.623	0.353	0	0	0.003
157	4:NOR	4:NOR		0	0.004	0	0.996	0	0	0	0
158	6:NOTBUBBL	6:NOTBUBBL		0	0.001	0	0	0.003	0.988	0	0.007
159	6:NOTBUBBL	6:NOTBUBBL		0	0.001	0	0	0.003	0.988	0	0.007
160	6:NOTBUBBL	6:NOTBUBBL		0.004	0	0	0	0	0.951	0	0.044
161	6:NOTBUBBL	6:NOTBUBBL		0.001	0.001	0	0	0	0.988	0	0.011
162	6:NOTBUBBL	6:NOTBUBBL		0	0	0.001	0	0.002	0.886	0	0.109
163	6:NOTBUBBL	6:NOTBUBBL		0.002	0.003	0.002	0	0.001	0.599	0	0.394
164	6:NOTBUBBL	6:NOTBUBBL		0	0.001	0	0	0.003	0.988	0	0.007

=== Stratified cross-validation ===
=== Summary ===

Correctly Classified Instances        1387               84.5732 %
Incorrectly Classified Instances       253               15.4268 %
Kappa statistic                          0.8112
Mean absolute error                      0.0435
Root mean squared error                  0.1735
Relative absolute error                 21.0392 %
Root relative squared error             53.9932 %
Total Number of Instances             1640     

=== Confusion Matrix ===

   a   b   c   d   e   f   g   h   <-- classified as
 415  13   0   0   1   1   0  14 |   a = AND
  23 268   1   1   4   0   2   8 |   b = OR
   5   2  54   6  14   0   0   7 |   c = NAND
   1  16   2  51   9   0   0   2 |   d = NOR
   0   2  11   1 292   0   2   5 |   e = NOT
   2   3   0   0   0  52   0   6 |   f = NOTBUBBLE
   0  24   0   0   0   0 119   1 |   g = XOR
  45   6   1   0  11   1   0 136 |   h = LabelBox
